n_cur:38 time:717.957
-0.748995 7.14913 -0.00548704 -2.72017 -0.407851 -1.4621
-0.487747 8.77781 0.00883183 -2.7694 -0.425385 -1.51
-0.495812 8.84134 0.0442766 -2.81478 -0.440773 -1.55872
-0.51561 8.85622 0.0593472 -2.86388 -0.455783 -1.60758
-0.555831 8.85508 0.074154 -2.91302 -0.468751 -1.65724
-0.603389 8.75608 0.0868749 -2.96254 -0.461648 -1.71459
-0.603389 8.75608 0.0986319 -3.01224 -0.473111 -1.76482
-0.633175 8.68842 0.108791 -3.06223 -0.488711 -1.81346
-0.661534 8.6256 0.117588 -3.11246 -0.503577 -1.86238
-0.674781 8.588 0.125824 -3.1628 -0.520169 -1.91064
-0.686386 8.55276 0.134605 -3.21304 -0.537623 -1.95857
-0.670535 8.46431 0.142127 -3.26351 -0.556039 -2.00612
-0.662925 8.4077 0.148505 -3.31419 -0.575114 -2.05343
-0.656113 8.33866 0.153812 -3.36578 -0.594695 -2.10129
-0.658284 8.30301 0.157346 -3.42351 -0.617535 -2.15405
-0.629207 8.22408 0.159513 -3.46335 -0.634904 -2.18977
-0.580049 8.08779 0.164119 -3.52001 -0.660525 -2.24053
-0.552763 7.9913 0.16793 -3.56766 -0.682023 -2.28322
-0.532905 7.92325 0.168815 -3.60021 -0.698071 -2.31154
-0.518462 7.85773 0.168835 -3.61407 -0.703831 -2.32393
-0.502654 7.76015 0.168858 -3.6142 -0.703878 -2.32405
-0.495617 7.64856 0.167602 -3.6073 -0.702497 -2.31708
-0.491477 7.55909 0.164785 -3.59991 -0.700922 -2.30935
-0.487998 7.48108 -0.872806 6.85355 2.39734 6.52816
-0.489457 7.41249 -0.869241 6.81491 2.38393 6.49192
-0.493699 7.32518 -0.865824 6.76338 2.36355 6.44451
-0.496376 7.21081 -0.862548 6.70534 2.34022 6.39127
-0.495904 7.10178 -0.861757 6.64696 2.31392 6.33882
-0.496298 7.01943 -0.862408 6.59406 2.29378 6.29022
-0.497185 6.81769 -0.864066 6.54305 2.27221 6.24412
-0.497732 6.68381 -0.86517 6.49212 2.25141 6.19777
-0.497732 6.68381 -0.865548 6.44128 2.23001 6.15163
-0.497775 6.61249 -0.86762 6.40726 2.21749 6.12033
-0.497895 6.51558 -0.869549 6.35635 2.19742 6.07379
-0.497162 6.42385 -0.870713 6.30553 2.18042 6.02633
-0.497082 6.29816 -0.871188 6.25479 2.16478 5.97848
-0.497477 6.21605 -0.870111 6.20418 2.14998 5.93041
-0.4979 6.10509 -0.867082 6.15373 2.13549 5.88229
-0.49778 5.98277 -0.862912 6.10336 2.12267 5.83371
-0.497595 5.89805 -0.85955 6.05293 2.11116 5.78478
-0.497819 5.80883 -0.854159 6.00264 2.10028 5.73571
-0.49829 5.73177 -0.847604 5.95242 2.09042 5.6864
-0.498523 5.59906 -0.840586 5.90221 2.10414 5.6303
-0.498413 5.49672 -0.832693 5.85202 2.09525 5.58086
-0.498308 5.40133 -0.800473 5.80324 2.08484 5.53192
-0.498554 5.28251 -0.791952 5.75301 2.07361 5.48327
-0.498613 5.21314 -0.78519 5.70265 2.06152 5.43492
-0.498592 5.10109 -0.779018 5.65223 2.04863 5.38685
-0.498779 5.01055 -0.774803 5.60166 2.03483 5.33911
-0.499058 4.90347 -0.77242 5.56792 2.02479 5.30754
-0.49937 4.8253 -0.769799 5.51724 2.01077 5.25993
-0.496302 4.73099 -0.767805 5.4665 1.99591 5.21262
-0.472259 4.68779 -0.76583 5.41572 1.97985 5.16572
-0.429143 4.70612 -0.765254 5.3648 1.96268 5.11922
-0.401405 4.74082 -0.766129 5.31379 1.94408 5.07317
-0.403145 4.74036 -0.768543 5.26268 1.92489 5.02735
-0.367849 4.77004 -0.77152 5.21149 1.90641 4.98143
-0.355679 4.79985 -0.776672 5.16009 1.88877 4.93544
-0.355679 4.79985 -0.778541 5.10866 1.86984 4.89
-0.4007 4.70205 -0.783699 5.05704 1.85106 4.84466
-0.414301 4.6464 -0.787376 5.00537 1.83311 4.79924
-0.330949 4.68848 -0.79168 4.95345 1.81648 4.75372
-0.208308 4.74133 -0.794477 4.90124 1.8016 4.70806
-0.145821 4.79379 -0.795128 4.84865 1.78787 4.6625
-0.138213 4.82034 -0.79476 4.79571 1.7754 4.61699
-0.195329 4.8287 -0.79231 4.74252 1.76233 4.57201
-0.338342 4.82323 -0.790962 4.70685 1.75443 4.54193
-0.418729 4.83067 -0.787471 4.65313 1.74278 4.49689
-0.450517 4.86366 -0.782114 4.59918 1.73163 4.45182
-0.571466 4.81801 -0.774173 4.54488 1.72159 4.40661
-0.571466 4.81801 -0.764495 4.49024 1.71118 4.3618
-0.658416 4.78348 -0.733138 4.43699 1.72228 4.30967
-0.735506 4.74692 -0.721544 4.38216 1.71232 4.2649
-0.738304 4.7292 -0.713601 4.3272 1.70006 4.22081
-0.676627 4.72319 -0.705565 4.27231 1.68822 4.17653
-0.619214 4.72688 -0.699606 4.21722 1.67519 4.13268
-0.572002 4.73098 -0.695675 4.16194 1.66091 4.08928
-0.507443 4.73512 -0.692304 4.10661 1.64586 4.04615
-0.471872 4.72736 -0.688551 4.05132 1.6304 4.00315
-0.486843 4.74634 -0.68618 3.99593 1.61488 3.96017
-0.508204 4.75359 -0.685164 3.94042 1.59853 3.91748
-0.508204 4.75359 -0.68675 3.8847 1.58178 3.87493
-0.502536 4.75824 -0.688095 3.82899 1.56355 3.8329
-0.483402 4.77243 -0.69097 3.79169 1.55162 3.8048
-0.440508 4.79459 -0.690673 3.73609 1.53132 3.76349
-0.424001 4.78784 -0.693539 3.68024 1.51037 3.72241
-0.429178 4.76839 -0.696197 3.62439 1.49075 3.68086
-0.490828 4.72185 -0.69805 3.5686 1.47204 3.63901
-0.572596 4.6786 -0.698917 3.51288 1.45077 3.59804
-0.804402 4.61017 -0.696764 3.45739 1.43077 3.55664
-0.804402 4.61017 -0.693266 3.402 1.41052 3.51532
-0.848885 4.6092 -0.688924 3.34667 1.39145 3.4736
-0.92489 4.54876 -0.683244 3.29144 1.37372 3.43141
-0.988924 4.48478 -0.676646 3.23628 1.35715 3.38881
-1.167 4.3028 -0.668645 3.18122 1.34193 3.34575
-1.167 4.3028 -0.659047 3.12629 1.32669 3.30269
-1.23327 4.23321 -0.626238 3.07323 1.31234 3.25932
-1.34052 4.12754 -0.614513 3.01846 1.29863 3.21573
-1.42197 4.04375 -0.606325 2.9634 1.28649 3.1716
-1.48815 3.97668 -0.598633 2.90829 1.27385 3.12764
-1.57308 3.89105 -0.594818 2.87145 1.26721 3.0977
-1.63263 3.81923 -0.588934 2.81619 1.27737 3.04576
-1.72325 3.7115 -0.584584 2.76079 1.26799 3.00066
-1.77596 3.65265 -0.581202 2.70531 1.25749 2.95594
-1.85401 3.57488 -0.578109 2.64979 1.24493 2.91196
-1.94077 3.48402 -0.576015 2.59419 1.23289 2.86778
-2.02585 3.41066 -0.576307 2.53838 1.21907 2.82423
-2.12977 3.33943 -0.577328 2.4825 1.20447 2.78096
-2.27524 3.26196 -0.580445 2.42644 1.18919 2.73793
-2.54262 3.17765 -0.580832 2.37059 1.17356 2.69501
-2.54262 3.17765 -0.583445 2.31455 1.15805 2.65206
-2.67973 3.14794 -0.585849 2.25852 1.1414 2.60951
-2.79375 3.1259 -0.587446 2.20254 1.1244 2.56709
-2.90802 3.10185 -0.588055 2.14664 1.1056 2.52529
-2.92957 3.08638 -0.585644 2.09097 1.0861 2.48375
-2.95834 3.08274 -0.581888 2.03542 1.06647 2.44225
-2.95192 3.07815 -0.577286 1.97992 1.0459 2.40109
-2.93145 3.0744 -0.573837 1.94295 1.03273 2.37345
-2.91194 3.07676 -0.566701 1.88766 1.01307 2.33197
-2.91884 3.09476 -0.559058 1.8324 0.992097 2.29095
-2.89465 3.07968 -0.549828 1.77728 0.971164 2.24992
-2.80133 2.97065 -0.517371 1.72412 0.952117 2.20823
-2.72203 2.9093 -0.505177 1.66924 0.932703 2.16667
-2.63746 2.83772 -0.495585 1.61413 0.915098 2.12448
-2.57536 2.77656 -0.486903 1.55893 0.898916 2.08179
-2.41919 2.58727 -0.480871 1.5035 0.883817 2.03871
-2.41919 2.58727 -0.47471 1.44807 0.868633 1.99567
-2.34995 2.49718 -0.47008 1.3925 0.854427 1.95228
-2.2803 2.41549 -0.466416 1.33683 0.84089 1.90866
-2.22788 2.35513 -0.463039 1.28114 0.82832 1.86469
-2.12983 2.23756 -0.460658 1.22534 0.816091 1.82061
-2.06073 2.16004 -0.46066 1.16933 0.805249 1.77604
-2.02683 2.12752 -0.461389 1.11324 0.815688 1.72395
-2.0008 2.10203 -0.464211 1.05696 0.806351 1.67884
-1.94939 1.98164 -0.465153 1.01951 0.799096 1.64913
-1.94939 1.98164 -0.465049 0.963464 0.786729 1.6051
-1.92483 1.92343 -0.468998 0.907047 0.773982 1.5612
-1.90073 1.86373 -0.470363 0.850846 0.760143 1.51768
-1.88919 1.83088 -0.470288 0.79476 0.744991 1.47464
-1.86633 1.76453 -0.468891 0.738781 0.729712 1.43163
-1.81416 1.64183 -0.46485 0.683027 0.713634 1.38892
-1.7903 1.553 -0.460118 0.627325 0.697622 1.34618
-1.76777 1.47338 -0.454561 0.571687 0.681175 1.30359
-1.75159 1.37406 -0.447518 0.516173 0.66329 1.26152
-1.74949 1.26569 -0.439161 0.460769 0.644257 1.21985
-1.74949 1.26569 -0.428905 0.405529 0.624677 1.17839
-1.75136 1.15954 -0.396295 0.352315 0.602568 1.13782
-1.75252 1.06216 -0.384738 0.297183 0.583951 1.09601
-1.75505 0.988233 -0.374521 0.241922 0.563786 1.05476
-1.75343 0.895595 -0.365814 0.186514 0.542303 1.01398
-1.7526 0.801753 -0.358934 0.13093 0.522072 0.972753
-1.75174 0.701273 -0.355016 0.0938068 0.508431 0.945327
-1.752 0.62158 -0.350093 0.0380253 0.48959 0.903612
-1.75096 0.482317 -0.345475 -0.0177957 0.470533 0.861976
-1.75438 0.393672 -0.34141 -0.0736816 0.453235 0.819714
-1.7307 0.303145 -0.338664 -0.129703 0.437346 0.77695
-1.73129 0.200192 -0.337982 -0.185926 0.422286 0.733893
-1.73099 0.147351 -0.338315 -0.242255 0.406824 0.690986
-1.68202 0.0539031 -0.341775 -0.298892 0.392188 0.647795
-1.62468 -0.0478612 -0.340771 -0.355146 0.3791 0.604085
-1.57723 -0.127705 -0.342019 -0.411641 0.36639 0.560256
-1.54694 -0.183283 -0.343957 -0.46822 0.355011 0.515931
-1.52597 -0.226854 -0.345499 -0.524776 0.344013 0.471413
-1.49298 -0.37382 -0.345297 -0.581178 0.354587 0.418998
-1.49298 -0.37382 -0.342741 -0.637438 0.344247 0.37412
-1.47845 -0.439107 -0.338095 -0.693521 0.332291 0.329778
-1.46569 -0.471544 -0.332709 -0.749471 0.31931 0.285651
-1.47527 -0.544325 -0.325594 -0.805076 0.304717 0.241854
-1.48413 -0.69578 -0.320629 -0.841995 0.295437 0.212286
-1.48728 -0.779418 -0.310693 -0.896934 0.278745 0.16875
-1.48786 -0.819909 -0.299581 -0.951576 0.262534 0.124798
-1.46489 -1.02348 -0.265159 -1.00283 0.244814 0.0811592
-1.46489 -1.02348 -0.252165 -1.05669 0.226663 0.0373973
-1.45856 -1.08076 -0.239242 -1.11028 0.207972 -0.00647421
-1.39951 -1.21004 -0.227653 -1.16385 0.187625 -0.0500021
-1.37621 -1.2847 -0.21793 -1.2175 0.165773 -0.0932379
-1.34355 -1.34996 -0.209451 -1.27113 0.142981 -0.136417
-1.31303 -1.40506 -0.201607 -1.32461 0.119975 -0.179839
-1.24333 -1.55761 -0.193947 -1.37786 0.0974495 -0.223791
-1.24333 -1.55761 -0.186671 -1.43098 0.0738795 -0.26773
-1.2167 -1.62204 -0.180095 -1.484 0.0505865 -0.312136
-1.19265 -1.66953 -0.175907 -1.53717 0.0266121 -0.356576
-1.17111 -1.71016 -0.172152 -1.59011 0.00392257 -0.401741
-1.16301 -1.7675 -0.169764 -1.64292 -0.016897 -0.447806
-1.15364 -1.84761 -0.167222 -1.69524 -0.0367901 -0.494551
-1.14518 -1.88326 -0.163791 -1.7296 -0.048983 -0.526275
-1.14874 -1.91868 -0.160694 -1.78129 -0.067469 -0.573912
-1.16966 -2.01518 -0.158467 -1.833 -0.0845802 -0.622112
-1.1851 -2.14967 -0.154777 -1.88443 -0.101246 -0.670389
-1.18966 -2.25233 -0.149867 -1.93553 -0.116563 -0.719129
-1.19031 -2.3433 -0.144217 -1.98634 -0.129924 -0.768628
-1.17737 -2.44724 -0.135958 -2.0366 -0.123238 -0.825826
-1.1882 -2.53606 -0.126726 -2.08667 -0.135887 -0.875604
-1.17286 -2.61621 -0.117596 -2.13681 -0.148785 -0.925282
-1.13296 -2.73398 -0.107675 -2.18684 -0.163663 -0.9742
-1.1048 -2.84672 -0.0954905 -2.23646 -0.179456 -1.02277
-1.04797 -2.92765 -0.08291 -2.28601 -0.196764 -1.07075
-1.01167 -2.97463 -0.0681763 -2.33517 -0.215365 -1.11824
-0.954623 -3.07196 -0.0322924 -2.38047 -0.234499 -1.16552
n_cur:43 time:815.614
0.00245918 -3.03871 0.0380827 -2.99379 -0.462196 -1.73794
-0.23067 -5.44501 0.0479612 -3.04383 -0.485207 -1.78374
-0.273869 -5.4471 0.0591327 -3.09364 -0.509583 -1.82901
-0.32926 -5.4496 0.0667293 -3.12681 -0.525509 -1.85932
-0.222703 -5.43009 0.0793098 -3.17636 -0.547557 -1.90548
-0.222703 -5.43009 0.0940435 -3.22552 -0.572576 -1.95051
0.0043805 -5.36622 0.129927 -3.27082 -0.596141 -1.99609
0.0043805 -5.36622 0.146247 -3.31968 -0.620292 -2.04145
0.121417 -5.33341 0.159259 -3.37025 -0.643495 -2.08833
0.221649 -5.28946 0.17281 -3.42661 -0.667546 -2.14109
0.431505 -5.11887 0.1854 -3.48414 -0.689645 -2.19565
0.431505 -5.11887 0.194761 -3.53678 -0.708851 -2.24554
0.511262 -5.03309 0.202485 -3.57777 -0.723523 -2.28458
0.574619 -4.96262 0.205824 -3.60155 -0.731349 -2.30728
0.706588 -4.8229 0.207084 -3.60846 -0.733867 -2.31384
0.741593 -4.79392 0.206463 -3.60478 -0.732648 -2.31031
0.741593 -4.79392 0.205055 -3.59679 -0.729653 -2.30276
0.794591 -4.74059 0.203953 -3.59074 -0.727452 -2.29703
0.962289 -4.55507 -0.917263 6.8344 2.34329 6.53038
0.962289 -4.55507 -0.908203 6.79003 2.32767 6.48815
1.01949 -4.49219 -0.878992 6.75661 2.3161 6.45409
1.08711 -4.42527 -0.865997 6.6992 2.29788 6.39879
1.18926 -4.33681 -0.856698 6.64192 2.28118 6.34353
1.33987 -4.23151 -0.848007 6.59032 2.26729 6.29342
1.33987 -4.23151 -0.841959 6.53994 2.25446 6.24451
1.41821 -4.18805 -0.83769 6.48942 2.24418 6.19485
1.48786 -4.15532 -0.833044 6.43894 2.25451 6.13885
1.65319 -4.09894 -0.829902 6.38835 2.24659 6.08861
1.65319 -4.09894 -0.827133 6.33774 2.2357 6.03935
1.72369 -4.08339 -0.824873 6.28711 2.22429 5.99028
1.78646 -4.07283 -0.824939 6.23633 2.21205 5.94152
1.84211 -4.06493 -0.826097 6.18548 2.19836 5.89323
1.9305 -4.05885 -0.82881 6.13455 2.18343 5.84536
1.99396 -4.05858 -0.831597 6.08364 2.16804 5.79766
2.05673 -4.06138 -0.831883 6.03292 2.15328 5.7498
2.11999 -4.06318 -0.836168 5.98196 2.13741 5.7023
2.24085 -4.08929 -0.837686 5.9312 2.12126 5.65492
2.27271 -4.05497 -0.840045 5.89728 2.10337 5.60808
2.27271 -4.05497 -0.841031 5.84656 2.08954 5.57742
2.22841 -3.9833 -0.840679 5.79593 2.06926 5.53131
2.17064 -3.93758 -0.83936 5.74536 2.05034 5.48483
2.09433 -3.86745 -0.836085 5.69489 2.03273 5.43802
2.0143 -3.73761 -0.833164 5.64437 2.01141 5.3923
2.0143 -3.73761 -0.829521 5.59386 1.99268 5.3459
1.95279 -3.64068 -0.823666 5.54344 1.97379 5.29958
1.90585 -3.55928 -0.818265 5.49298 1.95618 5.25294
1.81813 -3.40426 -0.810485 5.44257 1.93935 5.20615
1.81813 -3.40426 -0.781085 5.39306 1.92496 5.15878
1.78089 -3.31213 -0.770861 5.34256 1.91194 5.11113
1.75139 -3.24166 -0.764848 5.29185 1.89875 5.06358
1.64479 -3.04688 -0.758967 5.24106 1.88632 5.01592
1.58062 -2.90338 -0.755085 5.19009 1.87552 4.96795
1.55601 -2.82835 -0.751853 5.13894 1.86599 4.91983
1.52221 -2.69307 -0.74991 5.08762 1.85806 4.87145
1.49688 -2.56608 -0.749175 5.05337 1.85211 4.83941
1.49688 -2.56608 -0.747562 5.00192 1.86594 4.78508
1.45751 -2.48221 -0.747219 4.95022 1.85937 4.7366
1.41215 -2.38275 -0.747956 4.89815 1.84903 4.68943
1.37586 -2.29967 -0.749787 4.84562 1.83909 4.64246
1.29257 -2.0775 -0.754512 4.79263 1.82737 4.59623
1.29257 -2.0775 -0.75874 4.73928 1.81512 4.5504
1.27089 -1.9588 -0.761312 4.68559 1.80132 4.50535
1.26528 -1.88121 -0.765757 4.6313 1.78716 4.46074
1.25381 -1.79165 -0.769485 4.57652 1.77251 4.41669
1.18256 -1.63961 -0.771195 4.52126 1.75653 4.37356
1.11037 -1.5177 -0.772272 4.46565 1.73897 4.33129
1.11037 -1.5177 -0.770826 4.41005 1.721 4.28931
0.980419 -1.34472 -0.767345 4.35463 1.70073 4.24809
0.980419 -1.34472 -0.763215 4.29943 1.68048 4.20674
0.915164 -1.26211 -0.758405 4.24425 1.66059 4.16527
0.872181 -1.26214 -0.75188 4.18919 1.64186 4.12341
0.848624 -1.3444 -0.746778 4.15252 1.62753 4.09614
0.848624 -1.3444 -0.737442 4.09766 1.60708 4.05488
0.841769 -1.33088 -0.705394 4.04456 1.58746 4.01334
0.824332 -1.13021 -0.695101 3.98978 1.56739 3.97194
0.823139 -1.06233 -0.685066 3.93498 1.5486 3.9301
0.816559 -0.942298 -0.676594 3.88004 1.53158 3.88766
0.816559 -0.942298 -0.670219 3.82494 1.51597 3.84472
0.828735 -0.853971 -0.665283 3.76972 1.50103 3.80154
0.850062 -0.750237 -0.66114 3.71442 1.486 3.7584
0.865262 -0.667033 -0.657262 3.6591 1.47165 3.71503
0.865262 -0.667033 -0.654039 3.60373 1.45882 3.67112
0.867275 -0.637286 -0.652093 3.54824 1.44635 3.62709
0.866511 -0.59651 -0.652221 3.49258 1.43524 3.58259
0.864715 -0.51656 -0.653369 3.43683 1.42456 3.53793
0.849778 -0.410711 -0.656239 3.38094 1.43563 3.48569
0.849778 -0.410711 -0.657448 3.32517 1.4257 3.44077
0.832937 -0.329139 -0.659487 3.26932 1.41336 3.3967
0.833908 -0.26541 -0.662278 3.23197 1.40592 3.36704
0.788603 -0.0604016 -0.664313 3.17611 1.39338 3.32304
0.788603 -0.0604016 -0.664794 3.12036 1.37931 3.27957
0.774887 0.0548641 -0.663609 3.06474 1.36379 3.2366
0.767175 0.143685 -0.661705 3.00917 1.34897 3.1934
0.768067 0.272651 -0.656984 2.95383 1.33307 3.15057
0.784157 0.531442 -0.652524 2.89845 1.31694 3.10782
0.784157 0.531442 -0.646324 2.8432 1.30001 3.06535
0.795421 0.640139 -0.638746 2.78807 1.2823 3.02316
0.817097 0.772982 -0.630608 2.73297 1.26274 2.98162
0.84845 1.00253 -0.620081 2.67806 1.24392 2.93982
0.906461 1.14445 -0.586388 2.62505 1.22291 2.8988
0.906461 1.14445 -0.576113 2.57012 1.20322 2.8573
0.959627 1.22552 -0.56794 2.51501 1.18444 2.8155
1.03386 1.30346 -0.560777 2.4598 1.16196 2.77499
1.19281 1.44364 -0.555593 2.40443 1.14218 2.73354
1.19281 1.44364 -0.551201 2.34898 1.12273 2.69197
1.2524 1.47266 -0.548759 2.31197 1.10975 2.66427
1.35349 1.52358 -0.544689 2.25648 1.0916 2.62225
1.52439 1.61952 -0.541992 2.20087 1.07472 2.57978
1.61845 1.68497 -0.541717 2.14505 1.05876 2.537
1.61845 1.68497 -0.541899 2.08917 1.04374 2.49388
1.68868 1.7606 -0.544667 2.03308 1.02879 2.45075
1.74738 1.8266 -0.546506 1.97704 1.01451 2.40737
1.80519 1.90326 -0.545738 1.92122 1.0023 2.36328
1.85282 1.97196 -0.548857 1.86506 0.989733 2.3193
1.92958 2.10623 -0.551861 1.8089 0.978728 2.27478
1.92958 2.10623 -0.552072 1.75296 0.988804 2.22284
1.95325 2.17268 -0.550617 1.69716 0.97934 2.17777
1.97218 2.20836 -0.548441 1.6414 0.968772 2.13309
1.98389 2.33602 -0.543446 1.58588 0.957298 2.08874
1.99649 2.39563 -0.538712 1.53033 0.944014 2.04501
1.99649 2.39563 -0.532236 1.47492 0.930123 2.00151
2.00111 2.42915 -0.524381 1.41963 0.915783 1.95816
1.95797 2.56228 -0.518634 1.3828 0.905435 1.92954
1.90339 2.67854 -0.508176 1.32772 0.889802 1.88665
1.90339 2.67854 -0.474413 1.27466 0.874101 1.84379
1.87338 2.75947 -0.464202 1.21954 0.857566 1.80122
1.79714 2.89599 -0.454413 1.16438 0.84064 1.75879
1.68503 3.01696 -0.44697 1.10901 0.821606 1.71711
1.68503 3.01696 -0.440404 1.05356 0.802477 1.67546
1.60654 3.09672 -0.435883 0.997914 0.783431 1.63379
1.53429 3.18426 -0.431856 0.942216 0.761282 1.59322
1.39869 3.35654 -0.42774 0.886517 0.742263 1.55154
1.30828 3.4708 -0.424549 0.830725 0.723266 1.50985
1.30828 3.4708 -0.423969 0.77469 0.701047 1.46931
1.25329 3.53348 -0.424741 0.718522 0.68121 1.42793
1.1072 3.69752 -0.426301 0.662272 0.660925 1.38671
1.01217 3.81016 -0.427828 0.606012 0.6426 1.34479
1.01217 3.81016 -0.428377 0.549826 0.624918 1.30265
0.947842 3.90035 -0.430783 0.49346 0.608826 1.25995
0.828753 4.09447 -0.43115 0.455987 0.598487 1.23134
0.828753 4.09447 -0.432657 0.399681 0.583056 1.18841
0.780163 4.16864 -0.43197 0.34356 0.568514 1.14516
0.671216 4.33662 -0.428959 0.287639 0.555207 1.10147
0.603066 4.4567 -0.424476 0.231841 0.542264 1.05766
0.603066 4.4567 -0.419146 0.17611 0.529423 1.01381
0.527854 4.6037 -0.413361 0.12041 0.519513 0.968917
0.457535 4.72209 -0.405087 0.0649296 0.528384 0.917346
0.457535 4.72209 -0.396487 0.00946998 0.519272 0.872168
0.351673 4.91578 -0.385693 -0.0457948 0.508029 0.827748
0.351673 4.91578 -0.351603 -0.0989028 0.496173 0.783549
0.307555 4.98264 -0.339983 -0.154105 0.482748 0.739909
0.253721 5.0551 -0.330916 -0.209551 0.468826 0.696445
0.127295 5.25898 -0.322447 -0.265057 0.45359 0.653445
0.127295 5.25898 -0.316522 -0.32081 0.438234 0.610493
0.0849257 5.3398 -0.311595 -0.376683 0.422107 0.567847
0.0164414 5.54185 -0.30704 -0.432598 0.406045 0.525176
0.0164414 5.54185 -0.304135 -0.469879 0.394644 0.496957
-0.000905624 5.63795 -0.300306 -0.525824 0.377394 0.454625
-0.0250853 5.86337 -0.298613 -0.581949 0.358279 0.412891
-0.0250853 5.86337 -0.299097 -0.638353 0.338495 0.37145
-0.0290074 5.95222 -0.299294 -0.694766 0.318551 0.330059
-0.0246763 6.16888 -0.300631 -0.75129 0.296419 0.289358
-0.0246763 6.16888 -0.299949 -0.807497 0.276932 0.247435
-0.0240992 6.23374 -0.301528 -0.863847 0.255136 0.206044
-0.0177515 6.3031 -0.301158 -0.919908 0.233533 0.164354
-0.00587341 6.39623 -0.300913 -0.975916 0.212324 0.122279
-0.00153892 6.58288 -0.297225 -1.03134 0.191029 0.0799653
-0.00153892 6.58288 -0.292448 -1.08642 0.171115 0.0368124
-0.00230513 6.67779 -0.285211 -1.14093 0.152226 -0.00706829
-0.00285027 6.7411 -0.277453 -1.1952 0.134313 -0.0516328
-0.00145847 6.94616 -0.268877 -1.24914 0.116852 -0.096687
-0.00145847 6.94616 -0.257849 -1.30246 0.0999931 -0.142301
n_cur:61 time:1119.81
-0.892814 -3.13861 0.0014319 -2.79108 -0.38967 -1.54513
-0.904004 -3.50635 0.0107477 -2.84122 -0.413167 -1.59074
-0.931226 -3.65128 0.0205773 -2.89127 -0.43731 -1.6361
-0.931226 -3.65128 0.0319989 -2.94103 -0.460836 -1.6817
-0.91357 -3.68749 0.0446709 -2.99056 -0.483584 -1.72759
-0.878235 -3.50558 0.0589105 -3.0398 -0.508794 -1.77254
-0.878235 -3.50558 0.0945138 -3.08516 -0.533119 -1.81783
-0.875576 -3.37857 0.111303 -3.13394 -0.555996 -1.86368
-0.868597 -3.23734 0.124031 -3.18346 -0.577323 -1.91012
-0.860687 -3.11602 0.133121 -3.21636 -0.591131 -1.94124
-0.853805 -3.07334 0.144878 -3.26606 -0.610166 -1.98856
-0.846285 -3.11621 0.155037 -3.31605 -0.628489 -2.03616
-0.846601 -3.16539 0.163999 -3.36719 -0.646927 -2.0847
-0.855922 -3.16896 0.173438 -3.42413 -0.665298 -2.13946
-0.877663 -3.00742 0.18329 -3.48224 -0.683269 -2.19569
-0.877663 -3.00742 0.191236 -3.53547 -0.697631 -2.24779
-0.880047 -2.94161 0.195582 -3.57767 -0.687823 -2.29685
-0.874483 -2.87026 0.198313 -3.60232 -0.694337 -2.32086
-0.848939 -2.73275 0.199243 -3.60986 -0.697053 -2.32794
-0.823153 -2.64226 0.198628 -3.60649 -0.694067 -2.32541
-0.823153 -2.64226 0.196254 -3.59872 -0.691176 -2.31788
-0.795209 -2.55556 0.193511 -3.59277 -0.687388 -2.31254
-0.771758 -2.49144 -0.87796 6.8397 2.34295 6.53204
-0.729147 -2.40196 -0.870543 6.79563 2.33123 6.48909
-0.631035 -2.22473 -0.861837 6.7413 2.31752 6.43598
-0.567709 -2.14038 -0.855353 6.68274 2.30415 6.3786
-0.567709 -2.14038 -0.851849 6.64454 2.31792 6.33411
-0.549725 -2.13456 -0.847313 6.59238 2.30814 6.28257
-0.539748 -2.11061 -0.843262 6.54183 2.2974 6.23309
-0.493593 -1.98809 -0.840633 6.49117 2.28502 6.18417
-0.493593 -1.98809 -0.838233 6.44052 2.27233 6.13539
-0.460206 -1.8974 -0.837831 6.38972 2.25799 6.08716
-0.441843 -1.8202 -0.839157 6.33881 2.24276 6.03925
-0.419027 -1.57608 -0.842317 6.28779 2.22719 5.99146
-0.419027 -1.57608 -0.843171 6.23698 2.2119 5.94362
-0.413568 -1.47708 -0.844805 6.18613 2.19579 5.89606
-0.415339 -1.38988 -0.847168 6.13526 2.17849 5.84888
-0.422417 -1.20738 -0.849577 6.0844 2.16013 5.80205
-0.422417 -1.20738 -0.851316 6.03362 2.14035 5.75566
-0.436795 -1.13991 -0.852143 5.98291 2.11863 5.70985
-0.453217 -1.03592 -0.850585 5.93237 2.10035 5.66305
-0.46215 -0.973893 -0.848127 5.88188 2.0816 5.61643
-0.468243 -0.894429 -0.844758 5.83144 2.0604 5.57054
-0.477463 -0.758217 -0.842346 5.79782 2.0475 5.5396
-0.482223 -0.691581 -0.838447 5.7474 2.02847 5.49311
-0.488307 -0.599652 -0.832338 5.69708 2.01029 5.44643
-0.493501 -0.513154 -0.825909 5.64674 1.99378 5.39932
-0.494957 -0.467279 -0.817375 5.59647 1.97949 5.35164
-0.496306 -0.351256 -0.787456 5.54724 1.96615 5.30374
-0.5108 -0.148611 -0.778563 5.49689 1.95247 5.25599
-0.5108 -0.148611 -0.77201 5.44636 1.93982 5.20804
-0.548258 0.0104688 -0.765827 5.39575 1.92946 5.15955
-0.578935 0.198525 -0.762084 5.34495 1.91956 5.11104
-0.578935 0.198525 -0.758312 5.29413 1.91063 5.06232
-0.603439 0.277613 -0.756165 5.24318 1.92497 5.00732
-0.613718 0.29353 -0.754832 5.1921 1.91793 4.95832
-0.641157 0.326886 -0.753719 5.14088 1.90844 4.91015
-0.658536 0.395337 -0.753548 5.08949 1.89895 4.86212
-0.658536 0.395337 -0.755394 5.03799 1.8881 4.81453
-0.678254 0.481297 -0.759146 4.98627 1.87605 4.76741
-0.689818 0.543378 -0.760994 4.95168 1.86732 4.73631
-0.715747 0.63657 -0.76535 4.89943 1.85466 4.68976
-0.732909 0.699896 -0.768133 4.84682 1.84077 4.64391
-0.741043 0.758026 -0.773203 4.79372 1.82667 4.59839
-0.745566 0.827272 -0.776668 4.74031 1.81173 4.55342
-0.751303 0.920885 -0.781139 4.68639 1.79479 4.50944
-0.751795 1.07406 -0.782655 4.63222 1.77662 4.46625
-0.749827 1.2051 -0.782935 4.57766 1.75871 4.42336
-0.749827 1.2051 -0.780237 4.52274 1.73808 4.38186
-0.749151 1.27868 -0.776162 4.46753 1.71922 4.34005
-0.745435 1.39263 -0.771277 4.4122 1.69964 4.29862
-0.743409 1.49514 -0.764922 4.357 1.67875 4.25762
-0.741436 1.58369 -0.757378 4.30206 1.65802 4.21644
-0.753592 1.75384 -0.747908 4.24725 1.63916 4.17462
-0.753592 1.75384 -0.716031 4.19415 1.61989 4.13294
-0.791812 1.92679 -0.705224 4.1394 1.60242 4.09065
-0.834068 2.06227 -0.696073 4.08452 1.58639 4.04785
-0.834068 2.06227 -0.690185 4.04793 1.57638 4.01909
-0.843454 2.11289 -0.683296 3.99288 1.56119 3.97599
-1.02271 2.33451 -0.678231 3.93769 1.5469 3.93259
-1.02271 2.33451 -0.674273 3.8824 1.53325 3.88897
-1.08441 2.41494 -0.670471 3.8271 1.52116 3.8448
-1.14529 2.49704 -0.667228 3.77174 1.50857 3.80081
-1.19202 2.55939 -0.664859 3.71631 1.49772 3.75621
-1.3744 2.76834 -0.665034 3.66067 1.50811 3.70422
-1.3744 2.76834 -0.666646 3.60491 1.49926 3.65892
-1.4353 2.84247 -0.669545 3.54904 1.48828 3.61437
-1.48411 2.9108 -0.670783 3.49329 1.47669 3.57003
-1.53872 2.99807 -0.671182 3.4376 1.46353 3.52624
-1.63059 3.14135 -0.675642 3.38157 1.44987 3.48262
-1.63059 3.14135 -0.677518 3.32575 1.43489 3.43947
-1.65888 3.17961 -0.677959 3.27003 1.41979 3.39635
-1.67102 3.20618 -0.677079 3.2144 1.40388 3.35352
-1.67884 3.28316 -0.673557 3.15898 1.38805 3.31067
-1.7039 3.42427 -0.670711 3.12207 1.37681 3.28233
-1.7039 3.42427 -0.666091 3.06673 1.35987 3.23987
-1.7122 3.46152 -0.660849 3.01143 1.34112 3.19804
-1.6987 3.51918 -0.653302 2.95631 1.32168 3.15645
-1.63684 3.71915 -0.64427 2.90131 1.30211 3.11491
-1.63684 3.71915 -0.633774 2.84641 1.28159 3.0737
-1.62107 3.79452 -0.60173 2.79328 1.26165 3.03229
-1.59275 3.86729 -0.590763 2.73842 1.24225 2.99069
-1.53898 3.96612 -0.581727 2.6834 1.22037 2.94997
-1.39289 4.13343 -0.574552 2.62821 1.20054 2.90853
-1.39289 4.13343 -0.569289 2.57287 1.1808 2.86706
-1.32344 4.21102 -0.564999 2.51744 1.16267 2.82502
-1.24556 4.29157 -0.561086 2.46196 1.1458 2.78255
-1.07648 4.49066 -0.557299 2.40647 1.13002 2.7397
-1.07648 4.49066 -0.554928 2.35086 1.11531 2.69647
-1.02094 4.56493 -0.554851 2.29504 1.10003 2.65344
-0.947741 4.66432 -0.556208 2.2391 1.08567 2.6101
-0.866112 4.77165 -0.556988 2.2018 1.07726 2.58079
-0.810545 4.84517 -0.559325 2.14576 1.06476 2.53679
-0.769045 4.87281 -0.559885 2.08985 1.05259 2.49267
-0.749144 4.93524 -0.56304 2.03372 1.04181 2.44807
-0.749144 4.93524 -0.564503 1.97772 1.05233 2.39598
-0.734897 5.03389 -0.566326 1.92167 1.04306 2.35084
-0.719956 5.11034 -0.564906 1.86589 1.03136 2.30656
-0.709687 5.21692 -0.562592 1.81018 1.0196 2.2623
-0.704944 5.318 -0.557998 1.75465 1.00641 2.21854
-0.704668 5.43998 -0.553109 1.69914 0.99228 2.17511
-0.685792 5.55078 -0.547596 1.64367 0.976797 2.13217
-0.699073 5.61908 -0.539777 1.58839 0.961751 2.08906
-0.741822 5.7125 -0.530472 1.53324 0.9455 2.04639
-0.787324 5.81003 -0.519702 1.4782 0.929528 2.00362
-0.828085 5.94159 -0.48739 1.42502 0.912505 1.96122
-0.828085 5.94159 -0.476145 1.37002 0.893682 1.91945
-0.830164 5.98179 -0.466829 1.31484 0.875045 1.87762
-0.808897 6.062 -0.461653 1.27796 0.862126 1.84991
-0.787878 6.17274 -0.455385 1.22251 0.840078 1.80929
-0.769729 6.28091 -0.450645 1.16691 0.820302 1.76787
-0.762488 6.33522 -0.446718 1.11123 0.801423 1.72614
-0.754512 6.42849 -0.442388 1.05558 0.780002 1.68531
-0.748197 6.57939 -0.43943 0.999799 0.759835 1.64403
-0.74942 6.71701 -0.437821 0.943887 0.73998 1.60265
-0.74942 6.71701 -0.438808 0.887734 0.720867 1.561
-0.749681 6.79768 -0.43955 0.83159 0.703019 1.51892
-0.749488 6.87661 -0.441581 0.775319 0.685927 1.47656
-0.749576 7.07466 -0.441833 0.719195 0.670023 1.43379
-0.749576 7.07466 -0.444677 0.662826 0.654904 1.39074
n_cur:77 time:1389.4
-0.0664164 -3.10313 0.0968373 -3.13251 -0.527249 -1.87043
-0.910671 -4.84358 0.100909 -3.18361 -0.550066 -1.9163
-0.910671 -4.84358 0.104037 -3.23488 -0.573522 -1.96193
-0.913668 -4.98539 0.106266 -3.28631 -0.597573 -2.00732
-0.905549 -5.04032 0.109978 -3.33747 -0.621579 -2.05274
-0.899337 -5.01374 0.115297 -3.39054 -0.645642 -2.10044
-0.928928 -4.87392 0.12205 -3.4489 -0.670768 -2.15359
-0.957348 -4.74706 0.131686 -3.50633 -0.693858 -2.2071
-0.958121 -4.65796 0.140859 -3.55698 -0.7124 -2.25511
-0.974703 -4.5534 0.148018 -3.59464 -0.726397 -2.2908
-1.04253 -4.40648 0.151875 -3.61417 -0.733103 -2.30955
-1.09681 -4.30795 0.15314 -3.61814 -0.734587 -2.31341
-1.14785 -4.22742 0.152639 -3.61539 -0.733585 -2.3108
-1.21442 -4.14476 0.151093 -3.60761 -0.730848 -2.30335
-1.29578 -4.04458 0.149981 -3.60099 -0.728064 -2.29724
-1.38272 -3.93363 -0.899214 6.84052 2.34804 6.53339
-1.43581 -3.85696 -0.898901 6.79689 2.3318 6.49306
-1.47947 -3.78582 -0.900926 6.7422 2.31258 6.44232
-1.53466 -3.69763 -0.902886 6.68305 2.29437 6.38657
-1.57454 -3.63771 -0.902285 6.62602 2.27676 6.33259
-1.58453 -3.65842 -0.901087 6.57474 2.26183 6.28371
-1.59291 -3.66597 -0.897603 6.52425 2.24939 6.23469
-1.60114 -3.66801 -0.892883 6.47388 2.23744 6.18556
-1.60547 -3.67677 -0.888534 6.42349 2.22647 6.13617
-1.60795 -3.6813 -0.88348 6.37316 2.23859 6.07972
-1.61078 -3.66746 -0.876228 6.323 2.22956 6.02988
-1.61212 -3.63891 -0.868674 6.27287 2.21847 5.98073
-1.61429 -3.61769 -0.860307 6.22279 2.2072 5.93167
-1.61498 -3.60067 -0.831841 6.19104 2.19909 5.89918
-1.6092 -3.57009 -0.822012 6.141 2.18547 5.8509
-1.59562 -3.47622 -0.81254 6.09091 2.17063 5.80304
-1.5837 -3.40983 -0.805278 6.04066 2.15574 5.75521
-1.57014 -3.34463 -0.799087 5.99032 2.14065 5.70748
-1.57417 -3.30711 -0.794608 5.93987 2.12485 5.65999
-1.53262 -3.22595 -0.791599 5.88932 2.10878 5.61263
-1.46223 -3.10908 -0.789246 5.83871 2.09097 5.5658
-1.41868 -3.02833 -0.786433 5.78814 2.07167 5.51942
-1.33793 -2.87351 -0.784966 5.73749 2.05078 5.47352
-1.33793 -2.87351 -0.783962 5.6868 2.0323 5.42697
-1.28854 -2.74146 -0.785884 5.63593 2.01324 5.38064
-1.26541 -2.64848 -0.788632 5.58501 1.99364 5.3345
-1.2476 -2.53837 -0.79216 5.53407 1.97418 5.28834
-1.23636 -2.43256 -0.795111 5.48314 1.95553 5.24201
-1.2237 -2.33176 -0.79731 5.43222 1.93827 5.19536
-1.17711 -2.1773 -0.802215 5.38112 1.92288 5.1483
-1.17711 -2.1773 -0.804293 5.34708 1.91325 5.1168
-1.13372 -2.07595 -0.807225 5.29603 1.90031 5.06917
-1.08678 -1.96016 -0.809441 5.24498 1.88719 5.02168
-1.05813 -1.8838 -0.810066 5.19389 1.87482 4.97413
-1.03288 -1.78503 -0.808684 5.14273 1.86406 4.92632
-1.01138 -1.69367 -0.806593 5.09142 1.85458 4.87836
-0.996349 -1.59436 -0.804385 5.04007 1.84598 4.83023
-0.988637 -1.51733 -0.800576 4.98863 1.85895 4.77618
-0.984072 -1.44181 -0.795484 4.93699 1.85334 4.72749
-0.979145 -1.3767 -0.789741 4.88501 1.84453 4.67996
-0.980036 -1.29648 -0.781519 4.83273 1.83438 4.63312
-0.985439 -1.22769 -0.751773 4.78136 1.82386 4.58659
-0.977292 -1.09642 -0.743083 4.72873 1.81213 4.54066
-0.97483 -1.00648 -0.736731 4.67566 1.79885 4.49551
-0.991898 -0.895677 -0.730599 4.62215 1.78507 4.45084
-1.01452 -0.78721 -0.726176 4.56795 1.77005 4.40701
-1.00535 -0.679551 -0.722858 4.51302 1.75455 4.36379
-1.02215 -0.624912 -0.720362 4.47619 1.74339 4.33544
-1.03809 -0.605809 -0.716868 4.42076 1.72647 4.29308
-1.04808 -0.592527 -0.714185 4.36526 1.70773 4.25135
-1.05497 -0.525025 -0.71282 4.30985 1.68755 4.20997
-1.06574 -0.469157 -0.714242 4.25421 1.66728 4.16863
-1.07748 -0.407188 -0.715205 4.19857 1.64735 4.12719
-1.08811 -0.373817 -0.718265 4.14275 1.62862 4.08533
-1.09 -0.33448 -0.719115 4.08709 1.60783 4.04419
-1.08153 -0.296932 -0.72268 4.03123 1.58748 4.00289
-1.06372 -0.186213 -0.724557 3.97549 1.56773 3.96139
-1.04938 -0.0743078 -0.726791 3.91972 1.54808 3.91985
-1.04181 -0.0209524 -0.726834 3.86411 1.53003 3.87776
-1.00867 0.186624 -0.724556 3.80868 1.51325 3.83523
-1.00867 0.186624 -0.720809 3.75335 1.49755 3.79232
-0.999871 0.254437 -0.716417 3.69807 1.48294 3.74903
-0.999388 0.364004 -0.711181 3.64285 1.46775 3.70595
-0.999198 0.456546 -0.704519 3.58773 1.45347 3.66255
-0.997961 0.569491 -0.698911 3.55107 1.44513 3.63321
-0.999164 0.67683 -0.689297 3.49618 1.43271 3.58916
-0.999279 0.756043 -0.657311 3.44307 1.42198 3.54452
-0.9989 0.809134 -0.645176 3.38837 1.4113 3.49987
-0.997474 0.935907 -0.636844 3.33337 1.42236 3.44763
-0.995717 1.02423 -0.628799 3.27833 1.41243 3.40272
-0.996197 1.07989 -0.622588 3.22315 1.40009 3.35864
-0.999556 1.19697 -0.617374 3.16787 1.38814 3.31443
-0.992252 1.32386 -0.612978 3.11253 1.37504 3.27062
-1.01825 1.42726 -0.609685 3.05709 1.36071 3.22724
-1.03098 1.50122 -0.607098 3.00158 1.34561 3.18413
-1.0425 1.56281 -0.605452 2.94599 1.33009 3.14117
-1.09991 1.63099 -0.604988 2.89029 1.3145 3.09824
-1.27611 1.85712 -0.607351 2.83436 1.29807 3.0556
-1.27611 1.85712 -0.610196 2.77837 1.28126 3.01309
-1.33511 1.9265 -0.610825 2.72256 1.26296 2.97111
-1.38028 1.9849 -0.614149 2.66652 1.24331 2.9296
-1.43968 2.06748 -0.615028 2.62926 1.23061 2.90179
-1.48623 2.13068 -0.616765 2.57333 1.20959 2.86076
-1.52043 2.18835 -0.617066 2.51751 1.18991 2.81927
-1.54847 2.24939 -0.616045 2.46179 1.17112 2.77747
-1.57596 2.31762 -0.612556 2.40627 1.14979 2.73656
-1.59274 2.36463 -0.608029 2.35082 1.12972 2.69521
-1.618 2.39914 -0.602854 2.29542 1.1094 2.65395
-1.63078 2.43668 -0.596197 2.24013 1.09093 2.61204
-1.60417 2.50932 -0.588226 2.18495 1.07318 2.56989
-1.58089 2.58205 -0.578358 2.12992 1.05581 2.5276
-1.55044 2.66779 -0.546125 2.07677 1.04052 2.48458
-1.52302 2.76486 -0.534962 2.02184 1.0252 2.44157
-1.49847 2.84667 -0.525143 1.9668 1.01078 2.39825
-1.43677 2.91817 -0.516836 1.91162 0.996995 2.3547
-1.37446 2.98615 -0.510361 1.85627 0.984776 2.31061
-1.30117 3.06787 -0.504882 1.80084 0.972057 2.26669
-1.21833 3.18011 -0.500218 1.74532 0.96107 2.22216
-1.10479 3.37232 -0.498003 1.70823 0.975438 2.18484
-1.10479 3.37232 -0.494357 1.65262 0.96597 2.13978
-1.03971 3.45873 -0.492033 1.59688 0.955398 2.0951
-0.97116 3.55498 -0.49178 1.54096 0.942753 2.05115
-0.853992 3.75543 -0.492544 1.48494 0.930633 2.00702
-0.853992 3.75543 -0.495025 1.42875 0.916249 1.96369
-0.789809 3.88816 -0.495844 1.3727 0.902057 1.92029
-0.74871 3.97893 -0.49749 1.31657 0.886786 1.87728
-0.719464 4.03371 -0.499853 1.26036 0.870937 1.83447
-0.658399 4.14356 -0.501883 1.20417 0.855407 1.79154
-0.621509 4.2298 -0.501311 1.14819 0.838685 1.74904
-0.536304 4.46416 -0.499998 1.09227 0.821603 1.70667
-0.536304 4.46416 -0.496216 1.03656 0.803132 1.66479
-0.514084 4.55449 -0.491394 0.980924 0.783149 1.62345
-0.500411 4.61867 -0.485923 0.925339 0.763444 1.58201
-0.471055 4.72716 -0.478765 0.869895 0.742793 1.54091
-0.441745 4.80198 -0.470697 0.814523 0.72377 1.49923
-0.405184 4.87609 -0.463281 0.777785 0.70984 1.47189
-0.370818 4.95473 -0.453751 0.72253 0.688788 1.43094
-0.313675 5.05366 -0.419654 0.66947 0.66889 1.38958
-0.23866 5.17184 -0.408956 0.614311 0.648653 1.34834
-0.185191 5.25625 -0.399814 0.559004 0.62916 1.30684
-0.128274 5.36734 -0.392762 0.503501 0.611475 1.2647
-0.0903136 5.46318 -0.387143 0.447859 0.595211 1.22206
-0.0507191 5.55294 -0.38192 0.392171 0.58003 1.17904
-0.0170127 5.67075 -0.377742 0.336378 0.564763 1.13605
0.000331991 5.77012 -0.374395 0.280499 0.550473 1.09271
0.0112651 5.86337 -0.371168 0.224597 0.536851 1.04914
0.0208355 6.00006 -0.370583 0.168441 0.524195 1.00522
0.0197206 6.11519 -0.372003 0.112088 0.511879 0.961188
0.0252476 6.20357 -0.374572 0.0556146 0.50095 0.916659
0.0219264 6.2712 -0.374409 -0.00062073 0.511285 0.864566
0.0107943 6.36761 -0.376465 -0.0570752 0.501857 0.819501
0.00376841 6.4397 -0.378309 -0.113522 0.490007 0.7753
0.00141932 6.49316 -0.378525 -0.151066 0.482089 0.74584
8.8526e-05 6.58109 -0.378727 -0.207383 0.469254 0.701989
-0.00139059 6.68813 -0.377084 -0.263549 0.455327 0.658523
-0.00178285 6.79287 -0.373483 -0.319559 0.440091 0.615526
-0.000159086 6.89604 -0.368051 -0.375425 0.424757 0.572595
0.00128609 6.97608 -0.363143 -0.431361 0.408627 0.52995
n_cur:93 time:1678.07
0.501735 -3.11833 0.134887 -3.22621 -0.555919 -1.96547
-0.84278 -4.50815 0.140795 -3.27697 -0.56914 -2.01502
-0.917518 -4.59879 0.144127 -3.3282 -0.583925 -2.06397
-0.977125 -4.67133 0.148016 -3.3812 -0.599844 -2.11446
-1.03327 -4.74033 0.151623 -3.43996 -0.618851 -2.16977
-0.884237 -4.72982 0.156972 -3.49837 -0.639872 -2.22429
-0.884237 -4.72982 0.158601 -3.55097 -0.659378 -2.27254
-0.748537 -4.72292 0.160976 -3.579 -0.669265 -2.29874
-0.61717 -4.73085 0.162488 -3.60656 -0.679717 -2.32406
-0.493303 -4.73196 0.16265 -3.61628 -0.683333 -2.33294
-0.508647 -4.72698 0.162239 -3.61402 -0.682511 -2.3308
-0.580615 -4.71288 0.159599 -3.60656 -0.679947 -2.32342
-0.707333 -4.68647 0.158353 -3.59972 -0.677454 -2.31692
-0.809263 -4.67127 -0.872946 6.84517 2.39683 6.51961
-0.966375 -4.63537 -0.87019 6.80257 2.38456 6.47895
-1.087 -4.61615 -0.867655 6.7487 2.36745 6.42814
-1.17774 -4.59478 -0.867536 6.68975 2.3484 6.37288
-1.25763 -4.55334 -0.868855 6.63218 2.33 6.31898
-1.4291 -4.47211 -0.869837 6.58044 2.31264 6.27077
-1.4291 -4.47211 -0.870394 6.52955 2.29414 6.22375
-1.48867 -4.4513 -0.872013 6.4786 2.27434 6.17716
-1.57599 -4.42787 -0.874644 6.4276 2.25417 6.13069
-1.63194 -4.41628 -0.875873 6.37675 2.23205 6.08483
-1.70105 -4.40538 -0.875964 6.32601 2.21321 6.03798
-1.76341 -4.39914 -0.875307 6.29225 2.19944 6.00712
-1.85256 -4.39463 -0.873285 6.24171 2.1787 5.96087
-1.92196 -4.39469 -0.869951 6.19128 2.1581 5.91459
-1.98319 -4.39719 -0.866074 6.14088 2.13832 5.86808
-2.05032 -4.40004 -0.861328 6.09055 2.11959 5.82127
-2.10203 -4.40124 -0.855966 6.04026 2.10334 5.77376
-2.13505 -4.39097 -0.849268 5.99005 2.08813 5.72597
-2.2037 -4.40373 -0.840569 5.93995 2.07398 5.67791
-2.21535 -4.37464 -0.810524 5.89114 2.06036 5.62974
-2.19144 -4.3135 -0.801234 5.84098 2.04826 5.58118
-2.11517 -4.21293 -0.792301 5.79079 2.03712 5.53239
-2.05114 -4.15526 -0.785573 5.74044 2.02623 5.48358
-1.99812 -4.09246 -0.779909 5.69001 2.01821 5.43402
-1.93972 -3.99304 -0.77595 5.63944 2.03108 5.37864
-1.88998 -3.90932 -0.773454 5.58878 2.02265 5.32938
-1.8206 -3.71465 -0.771617 5.53807 2.0127 5.2806
-1.8206 -3.71465 -0.76931 5.48737 2.00235 5.23201
-1.77609 -3.62578 -0.768754 5.4535 1.99422 5.19999
-1.72193 -3.54204 -0.768049 5.40264 1.98188 5.15209
-1.66142 -3.44547 -0.769646 5.35161 1.96851 5.10456
-1.61937 -3.36182 -0.772329 5.30053 1.95471 5.05722
-1.57756 -3.25084 -0.776552 5.24934 1.94104 5.00991
-1.5395 -3.16588 -0.779523 5.19813 1.92656 4.96293
-1.52044 -3.10523 -0.78253 5.14679 1.91084 4.91644
-1.50691 -3.04045 -0.786978 5.09522 1.894 4.87043
-1.40448 -2.84252 -0.791121 5.04362 1.87577 4.8249
-1.40448 -2.84252 -0.794454 4.99192 1.85692 4.77971
-1.35929 -2.75107 -0.797699 4.93996 1.83871 4.73462
-1.31806 -2.66555 -0.797831 4.88774 1.82121 4.68968
-1.28158 -2.56008 -0.796519 4.83511 1.80229 4.64561
-1.26294 -2.48312 -0.794422 4.78217 1.78464 4.60162
-1.23952 -2.38404 -0.791448 4.72893 1.76661 4.55816
-1.23866 -2.30428 -0.78673 4.67544 1.74914 4.5149
-1.23741 -2.26149 -0.780729 4.6217 1.73312 4.47142
-1.178 -2.16557 -0.775824 4.58571 1.72292 4.44238
-1.11664 -2.0464 -0.766095 4.53142 1.70829 4.39886
-1.08813 -1.97529 -0.732828 4.47851 1.69326 4.35571
-1.05852 -1.88045 -0.722799 4.42358 1.67892 4.31244
-1.02733 -1.76508 -0.714863 4.36848 1.6658 4.26874
-1.01359 -1.68501 -0.708066 4.31348 1.65319 4.22476
-0.997212 -1.56929 -0.70308 4.25834 1.64066 4.18073
-0.986691 -1.48058 -0.699165 4.20308 1.62983 4.13612
-0.98184 -1.27769 -0.695391 4.14779 1.64023 4.08414
-0.98184 -1.27769 -0.692181 4.09245 1.63139 4.03885
-0.994382 -1.18454 -0.689862 4.03706 1.62044 3.99428
-1.02721 -1.01717 -0.690091 3.98145 1.60888 3.94992
-1.04626 -0.903952 -0.691758 3.92573 1.59575 3.90612
-1.06671 -0.844767 -0.694711 3.8699 1.58212 3.86248
-1.09261 -0.714236 -0.696005 3.81419 1.56717 3.8193
-1.09261 -0.714236 -0.696459 3.75854 1.5521 3.77617
-1.09749 -0.663465 -0.700974 3.70256 1.53623 3.73332
-1.10634 -0.572748 -0.701522 3.66543 1.52561 3.70476
-1.10634 -0.572748 -0.703666 3.60962 1.50921 3.6621
-1.07369 -0.47726 -0.702568 3.55406 1.4923 3.61961
-1.05266 -0.386527 -0.700577 3.49856 1.47358 3.57776
-1.02961 -0.271465 -0.696308 3.44324 1.45417 3.53614
-1.01634 -0.175565 -0.691745 3.38793 1.43296 3.49516
-1.01325 -0.0738733 -0.68656 3.33267 1.41299 3.45375
-1.00575 0.133266 -0.679072 3.27758 1.39423 3.41191
-1.00575 0.133266 -0.670097 3.22261 1.37341 3.3708
-1.0056 0.200356 -0.65966 3.16775 1.35301 3.32954
-1.00478 0.258284 -0.627672 3.11462 1.33321 3.28808
-1.00176 0.501521 -0.616764 3.05979 1.3135 3.24659
-1.00176 0.501521 -0.607788 3.0048 1.2954 3.20453
-1.0016 0.577364 -0.600673 2.94965 1.27857 3.16203
-1.00002 0.686967 -0.595471 2.89435 1.26281 3.11916
-1.02645 0.90395 -0.591241 2.83895 1.24814 3.07591
-1.02645 0.90395 -0.58739 2.78352 1.2329 3.03286
-1.0289 1.00842 -0.583665 2.72807 1.21857 2.9895
-1.04935 1.09325 -0.58194 2.69103 1.21018 2.96018
-1.08126 1.22696 -0.581126 2.63533 1.19771 2.91616
-1.07826 1.2883 -0.582476 2.57944 1.18692 2.87155
-1.13075 1.38031 -0.583586 2.52356 1.17618 2.82693
-1.21341 1.48885 -0.585988 2.46756 1.18539 2.77531
-1.27279 1.55157 -0.586612 2.4117 1.17616 2.73016
-1.35083 1.64037 -0.589832 2.35562 1.16478 2.68576
-1.40865 1.71475 -0.591361 2.29966 1.15277 2.64158
-1.45963 1.78525 -0.592112 2.24376 1.13961 2.5978
-1.51478 1.87564 -0.591897 2.18793 1.12523 2.55446
-1.55063 1.94471 -0.589649 2.13226 1.11007 2.51139
-1.58361 2.01046 -0.585123 2.07678 1.09449 2.46846
-1.60152 2.05536 -0.580301 2.02131 1.07884 2.42557
-1.62354 2.09735 -0.574856 1.96588 1.0629 2.38277
-1.64127 2.12311 -0.567105 1.91065 1.04591 2.34035
-1.63934 2.1522 -0.557869 1.85553 1.02712 2.29856
-1.63112 2.18496 -0.551423 1.8188 1.01511 2.27052
-1.6122 2.24568 -0.518368 1.7657 0.994687 2.22931
-1.56697 2.40677 -0.506388 1.71081 0.973609 2.18833
-1.56697 2.40677 -0.497941 1.6556 0.953867 2.14688
-1.52802 2.49879 -0.48999 1.60035 0.935022 2.10512
-1.48546 2.5769 -0.483176 1.54499 0.913635 2.06426
-1.43083 2.67986 -0.478643 1.48943 0.893502 2.02296
-1.30747 2.84482 -0.474221 1.43384 0.873681 1.98155
-1.30747 2.84482 -0.470399 1.3782 0.854603 1.93988
-1.25104 2.89579 -0.467081 1.32251 0.836791 1.89777
-1.21062 2.95966 -0.465981 1.26661 0.819734 1.85539
-1.14552 3.07458 -0.467043 1.21051 0.803866 1.81259
-1.09973 3.15117 -0.467862 1.15442 0.78863 1.76957
-1.0017 3.32942 -0.469971 1.09821 0.773761 1.72642
-1.0017 3.32942 -0.4703 1.04214 0.760296 1.68278
-0.876667 3.54419 -0.473223 0.985826 0.747137 1.63903
-0.876667 3.54419 -0.474452 0.929653 0.735229 1.59484
-0.83134 3.61622 -0.475306 0.892194 0.728495 1.56495
-0.768101 3.71455 -0.475625 0.836082 0.738489 1.51301
-0.692756 3.81917 -0.472923 0.780226 0.727424 1.46851
-0.645018 3.90464 -0.468873 0.72448 0.718316 1.42333
-0.592847 4.00131 -0.463976 0.6688 0.705605 1.37942
-0.553391 4.08252 -0.457738 0.61323 0.692995 1.33547
-0.482567 4.26695 -0.450578 0.557734 0.67897 1.29203
-0.482567 4.26695 -0.442013 0.502356 0.664714 1.24867
-0.450788 4.34248 -0.431848 0.447114 0.649377 1.2057
-0.410285 4.44389 -0.398488 0.393971 0.633464 1.16293
-0.376652 4.51638 -0.38619 0.338914 0.617868 1.12005
-0.328897 4.63001 -0.377422 0.283528 0.601082 1.07759
-0.284003 4.74864 -0.368529 0.228144 0.584503 1.03506
-0.26364 4.80229 -0.361746 0.172559 0.5654 0.993429
-0.25423 4.87552 -0.357005 0.116776 0.545353 0.952136
-0.249273 4.93288 -0.352817 0.0609312 0.525584 0.910747
-0.251046 5.02062 -0.348224 0.00511243 0.50487 0.869696
-0.261844 5.13727 -0.346259 -0.0322085 0.491607 0.842136
-0.273087 5.23229 -0.343931 -0.0882595 0.471809 0.800762
-0.296394 5.34524 -0.344403 -0.144583 0.450692 0.759859
-0.322876 5.44224 -0.344444 -0.200877 0.430728 0.718548
-0.404357 5.65092 -0.346587 -0.257381 0.410426 0.677364
-0.404357 5.65092 -0.346515 -0.313699 0.391771 0.635609
-0.45917 5.7216 -0.349163 -0.370312 0.373824 0.59364
-0.52516 5.8067 -0.35012 -0.426792 0.356877 0.551328
-0.640211 5.96657 -0.351394 -0.483321 0.341648 0.508383
-0.640211 5.96657 -0.350404 -0.539643 0.326277 0.465437
-0.679523 6.03408 -0.34702 -0.595753 0.311826 0.422116
-0.716291 6.1111 -0.342184 -0.651801 0.297877 0.378676
-0.738805 6.1619 -0.336642 -0.707782 0.285225 0.334709
-0.752825 6.20811 -0.330099 -0.76357 0.272579 0.290549
-0.786581 6.3654 -0.321018 -0.818879 0.261075 0.24564
-0.786581 6.3654 -0.311304 -0.873887 0.27039 0.192465
-0.798232 6.40605 -0.299166 -0.928444 0.259844 0.146491
-0.799154 6.43783 -0.269306 -0.9618 0.251678 0.116121
-0.783119 6.5327 -0.254737 -1.0156 0.237804 0.0709474
-0.774428 6.62551 -0.243754 -1.06964 0.223384 0.0256731
-0.764715 6.73247 -0.232421 -1.12339 0.207727 -0.0194515
-0.759881 6.80643 -0.223575 -1.17731 0.190303 -0.0641863
-0.754405 6.89073 -0.215065 -1.23108 0.17315 -0.109321
-0.747888 6.97914 -0.207191 -1.28474 0.154792 -0.1543
-0.748212 7.03855 -0.200266 -1.33831 0.136089 -0.199471
