n_cur:36 time:616.337
4.74205 -3.29554 0.854666 -4.03329 -3.17662 -1.89305 4.55571 3.51095 0.992414 3.1341 2.69628 -1.43017
6.13142 -4.95733 0.857761 -3.98113 -3.12484 -1.88235 4.52259 3.47391 0.973292 3.08832 2.64836 -1.3992
6.13142 -4.95733 0.860263 -3.92873 -3.07281 -1.87359 4.48925 3.43681 0.956352 3.04198 2.62037 -1.35803
6.1142 -4.9831 0.860384 -3.87572 -3.0207 -1.86544 4.45659 3.39907 0.93722 2.9963 2.59473 -1.31575
6.10722 -5.0134 0.839072 -3.81921 -2.96834 -1.85837 4.42589 3.36014 0.918609 2.95042 2.56898 -1.27353
6.10722 -5.0134 0.838902 -3.76297 -2.91578 -1.85137 4.39743 3.32027 0.898975 2.90463 2.54418 -1.23064
6.10882 -5.02698 0.840848 -3.70401 -2.86292 -1.84458 4.37131 3.27968 0.880322 2.85818 2.52002 -1.18707
6.11424 -5.0156 0.844908 -3.64172 -2.8097 -1.83824 4.36562 3.22612 0.862651 2.81092 2.49576 -1.14318
6.11887 -4.98737 0.85074 -3.57711 -2.7559 -1.83414 4.34408 3.18374 0.845773 2.76306 2.47147 -1.09905
6.1283 -4.89984 0.858339 -3.51145 -2.70189 -1.83042 4.32215 3.14174 0.830033 2.71466 2.4469 -1.05495
6.1283 -4.89984 0.866166 -3.44588 -2.64763 -1.82814 4.29938 3.10027 0.814916 2.66608 2.42311 -1.01042
6.1282 -4.84611 0.875364 -3.38163 -2.59346 -1.82592 4.27493 3.0597 0.800918 2.61733 2.4015 -0.964784
6.12315 -4.70844 0.886651 -3.31791 -2.53957 -1.82245 4.24921 3.01939 0.787655 2.56839 2.38084 -0.918641
6.12315 -4.70844 0.900369 -3.25445 -2.48557 -1.82077 4.22231 2.97975 0.775761 2.51904 2.36061 -0.872256
6.12244 -4.66684 0.914818 -3.19107 -2.43187 -1.81847 4.19541 2.94057 0.765869 2.46907 2.34142 -0.825288
6.10178 -4.58179 0.923521 -3.14872 -2.39632 -1.81553 4.17689 2.91543 0.759265 2.43576 2.32789 -0.794392
6.08211 -4.51663 0.938261 -3.08536 -2.34277 -1.81333 4.15015 2.87826 0.77076 2.37919 2.30651 -0.74867
5.99407 -4.31238 0.952939 -3.022 -2.28941 -1.80921 4.12316 2.84298 0.761012 2.32918 2.28853 -0.701022
5.99407 -4.31238 0.966237 -2.9585 -2.23607 -1.80451 4.09607 2.80901 0.749663 2.27965 2.26908 -0.654207
5.95596 -4.22767 0.977409 -2.89477 -2.18274 -1.7994 4.06797 2.77643 0.737828 2.23028 2.24897 -0.607775
5.80861 -4.03776 0.98656 -2.83082 -2.12953 -1.793 4.03932 2.74433 0.724198 2.18146 2.22767 -0.562014
5.80861 -4.03776 0.99357 -2.76665 -2.0764 -1.78588 4.01063 2.71182 0.710033 2.13281 2.20483 -0.517135
5.73028 -3.95662 0.999242 -2.70234 -2.02342 -1.77724 3.98 2.68058 0.695051 2.0844 2.18067 -0.473
5.66504 -3.89108 1.00385 -2.63792 -1.97064 -1.76653 3.95119 2.64807 0.67931 2.03623 2.15593 -0.429201
5.48196 -3.7064 1.00629 -2.57326 -1.92015 -1.73353 3.9219 2.61593 0.66331 1.98815 2.13099 -0.385518
5.48196 -3.7064 1.00601 -2.50832 -1.86749 -1.72156 3.89148 2.5846 0.646076 1.94044 2.10406 -0.342969
5.40906 -3.6303 0.983688 -2.44105 -1.81466 -1.71124 3.86206 2.55254 0.627261 1.89321 2.07714 -0.300415
5.33619 -3.55471 0.984154 -2.37619 -1.76168 -1.70218 3.83291 2.52026 0.607492 1.84629 2.04918 -0.258451
5.23796 -3.45418 0.986558 -2.31153 -1.7085 -1.69505 3.80403 2.48779 0.586325 1.79979 2.01915 -0.217668
5.17339 -3.38822 0.991279 -2.24712 -1.65529 -1.68817 3.77694 2.45403 0.566416 1.75291 1.97032 -0.18754
5.07459 -3.28851 0.998365 -2.18296 -1.6019 -1.68282 3.74991 2.42021 0.546517 1.70602 1.94082 -0.14646
5.00046 -3.21369 1.00574 -2.11883 -1.54844 -1.67817 3.72391 2.38565 0.525286 1.65954 1.91279 -0.104558
4.9179 -3.12773 1.0109 -2.0761 -1.51278 -1.67519 3.7073 2.36209 0.511602 1.62841 1.89417 -0.0765864
4.84575 -3.05181 1.02008 -2.01216 -1.4592 -1.67159 3.68187 2.32711 0.490666 1.58184 1.86795 -0.0336594
4.66869 -2.8638 1.0318 -1.94849 -1.40535 -1.67041 3.65712 2.29164 0.471786 1.53464 1.84227 0.00956272
4.66869 -2.8638 1.04509 -1.88498 -1.35145 -1.6697 3.63311 2.25564 0.453456 1.48727 1.81765 0.053387
4.60489 -2.79712 1.06047 -1.82169 -1.29745 -1.66982 3.60993 2.21902 0.436826 1.43938 1.79336 0.0973902
4.50748 -2.69679 1.07238 -1.75804 -1.2433 -1.67124 3.58704 2.1822 0.421969 1.39093 1.76909 0.141405
4.44248 -2.63056 1.0882 -1.6948 -1.18933 -1.67089 3.56536 2.14451 0.407218 1.34246 1.74598 0.186071
4.26852 -2.46085 1.10267 -1.63142 -1.13521 -1.67192 3.56193 2.09355 0.392965 1.29383 1.72406 0.231408
4.26852 -2.46085 1.11554 -1.56787 -1.08112 -1.67253 3.54054 2.05563 0.38026 1.24473 1.70341 0.27746
4.19291 -2.38781 1.12612 -1.50408 -1.02698 -1.6735 3.51859 2.01813 0.368768 1.19525 1.68319 0.323754
4.00616 -2.2091 1.13388 -1.43999 -0.973058 -1.67229 3.49561 1.98138 0.3588 1.1453 1.664 0.370631
4.00616 -2.2091 1.14026 -1.37575 -0.919385 -1.66861 3.4723 1.94486 0.369584 1.08896 1.64356 0.416783
3.9381 -2.14395 1.14626 -1.31147 -0.865805 -1.66393 3.44748 1.90944 0.360915 1.03861 1.62374 0.463278
3.8357 -2.04618 1.14853 -1.2468 -0.812302 -1.65842 3.42277 1.87394 0.350656 0.988757 1.60522 0.510521
3.76895 -1.98266 1.14968 -1.18201 -0.758929 -1.65158 3.39691 1.83928 0.339163 0.939268 1.58483 0.556734
3.61783 -1.83768 1.12892 -1.11491 -0.705641 -1.64383 3.37104 1.80462 0.326207 0.890176 1.56487 0.60321
3.52013 -1.74397 1.1269 -1.04978 -0.652489 -1.63468 3.34528 1.76989 0.311862 0.8415 1.54264 0.648447
3.52013 -1.74397 1.12857 -1.00668 -0.617141 -1.62771 3.32785 1.74692 0.301887 0.809198 1.52772 0.678597
3.45668 -1.68331 1.13128 -0.942058 -0.566498 -1.59443 3.30084 1.71309 0.286637 0.760909 1.50337 0.722775
3.39458 -1.62358 1.13574 -0.877617 -0.513578 -1.58284 3.27316 1.67975 0.271219 0.712813 1.47806 0.766528
3.31737 -1.52022 1.14309 -0.813466 -0.460623 -1.57152 3.24391 1.64756 0.254554 0.665209 1.45214 0.810083
3.31737 -1.52022 1.15047 -0.749312 -0.407438 -1.5623 3.21528 1.6149 0.237782 0.617734 1.42395 0.852391
3.31501 -1.51374 1.1589 -0.685283 -0.354137 -1.5541 3.18478 1.58361 0.219217 0.570932 1.39514 0.894391
3.27323 -1.49005 1.16894 -0.62145 -0.300619 -1.54788 3.15543 1.55149 0.199114 0.524714 1.36487 0.935533
3.22837 -1.46651 1.18136 -0.557841 -0.247007 -1.54245 3.12787 1.51806 0.177332 0.479055 1.33451 0.976621
3.06046 -1.40196 1.1952 -0.493733 -0.193352 -1.53734 3.09756 1.48669 0.157504 0.432789 1.28439 1.00561
3.06046 -1.40196 1.21058 -0.429485 -0.139654 -1.53255 3.06763 1.45508 0.138456 0.386291 1.25216 1.04566
2.99527 -1.38314 1.22472 -0.365513 -0.0858019 -1.52912 3.03818 1.42309 0.115883 0.340715 1.22204 1.08707
2.93094 -1.36869 1.23975 -0.302696 -0.0317662 -1.52734 3.00875 1.39101 0.0955069 0.294177 1.19303 1.12915
2.77977 -1.34862 1.25179 -0.241255 0.022475 -1.5274 2.98089 1.35768 0.076585 0.24661 1.16508 1.17184
2.77977 -1.34862 1.26282 -0.180638 0.076811 -1.52826 2.95362 1.32394 0.0584079 0.19775 1.13857 1.21541
2.63117 -1.34901 1.26988 -0.120723 0.131156 -1.52909 2.92752 1.28929 0.0424119 0.147742 1.11166 1.25874
2.63117 -1.34901 1.27485 -0.0620467 0.185238 -1.52733 2.90185 1.25414 0.0294983 0.0971514 1.08595 1.30279
2.57692 -1.35219 1.27773 -0.0238367 0.221718 -1.53012 2.87585 1.21891 0.0204248 0.0464907 1.06047 1.347
2.42093 -1.37398 1.27967 0.0318864 0.275961 -1.5297 2.85858 1.19513 0.0170264 0.0128602 1.04385 1.37669
2.42093 -1.37398 1.28009 0.0850039 0.330315 -1.53023 2.83312 1.15869 0.0162905 -0.0375032 1.02045 1.42217
2.36491 -1.38493 1.2782 0.136045 0.384577 -1.52977 2.80868 1.12108 0.0214037 -0.0877581 0.997873 1.46816
2.19554 -1.43415 1.27376 0.186041 0.438532 -1.52631 2.78367 1.0837 0.0280154 -0.138104 0.97601 1.51458
2.19554 -1.43415 1.24781 0.236483 0.492356 -1.52151 2.76012 1.04521 0.0372701 -0.188402 0.95423 1.56106
2.12568 -1.46321 1.24291 0.28726 0.546102 -1.51588 2.75466 0.993262 0.0668176 -0.237795 0.931923 1.60721
1.92723 -1.56071 1.23844 0.338389 0.599763 -1.50944 2.733 0.953594 0.0766182 -0.287915 0.910434 1.65386
1.92723 -1.56071 1.23609 0.389464 0.653271 -1.50149 2.70954 0.915297 0.0822987 -0.338199 0.889723 1.70099
1.7135 -1.66095 1.23471 0.440515 0.706704 -1.49264 2.68506 0.877761 0.0879428 -0.388496 0.867728 1.74734
1.7135 -1.66095 1.23496 0.491525 0.759942 -1.48169 2.66023 0.840428 0.0916842 -0.438903 0.845486 1.79353
1.48578 -1.75592 1.23659 0.5425 0.810818 -1.44845 2.63388 0.804157 0.094871 -0.489374 0.821002 1.83834
1.48578 -1.75592 1.23879 0.59346 0.863966 -1.43632 2.60793 0.767752 0.0968562 -0.539913 0.795078 1.88227
1.38801 -1.79218 1.24044 0.644435 0.917308 -1.42587 2.58092 0.732175 0.0985042 -0.590493 0.768172 1.9256
1.14599 -1.86696 1.24335 0.695378 0.970675 -1.41627 2.5536 0.696566 0.0999792 -0.641132 0.741629 1.96915
1.14599 -1.86696 1.24746 0.746291 1.02416 -1.40916 2.52562 0.660936 0.100584 -0.691891 0.714256 2.01219
1.04132 -1.89298 1.25277 0.797173 1.07739 -1.40179 2.49612 0.625802 0.0997199 -0.742827 0.684923 2.05402
0.933479 -1.91596 1.25731 0.83107 1.11303 -1.39844 2.47609 0.602505 0.0975103 -0.793948 0.655247 2.09565
0.689663 -1.95543 1.26513 0.881889 1.16642 -1.39344 2.44483 0.568455 0.0952838 -0.828113 0.634373 2.12272
0.689663 -1.95543 1.27293 0.932709 1.21964 -1.38817 2.41181 0.535677 0.0916357 -0.87941 0.584078 2.15168
0.583382 -1.96678 1.27812 0.983595 1.27271 -1.38288 2.37799 0.502879 0.0886545 -0.930677 0.551807 2.19171
0.329221 -1.97897 1.28723 1.03438 1.32586 -1.37867 2.33993 0.473142 0.0864707 -0.98187 0.520953 2.23261
0.329221 -1.97897 1.29347 1.08524 1.37845 -1.37313 2.30143 0.441548 0.0816366 -1.03318 0.491198 2.27419
0.259762 -1.9775 1.3013 1.13606 1.43069 -1.36714 2.25876 0.412687 0.07775 -1.08444 0.462737 2.31656
0.047587 -1.97152 1.30659 1.18694 1.48291 -1.36178 2.21601 0.3828 0.0754113 -1.13563 0.43538 2.35961
0.047587 -1.97152 1.3101 1.23787 1.5344 -1.35343 2.17276 0.353353 0.0747816 -1.18672 0.408902 2.40319
-0.0304428 -1.96767 1.31211 1.28884 1.58703 -1.34943 2.13138 0.322719 0.0753269 -1.23776 0.382756 2.44699
-0.235115 -1.94388 1.31344 1.33982 1.63938 -1.34398 2.0917 0.290554 0.0773335 -1.28873 0.356561 2.49075
-0.235115 -1.94388 1.31455 1.39081 1.69152 -1.33768 2.05273 0.257605 0.0797193 -1.33967 0.331127 2.53498
-0.318482 -1.92752 1.31336 1.44186 1.74365 -1.33131 2.01514 0.22314 0.0835836 -1.39054 0.307602 2.58038
-0.516168 -1.87261 1.31167 1.49291 1.79517 -1.32189 1.97736 0.188877 0.0879014 -1.44139 0.284947 2.62632
-0.516168 -1.87261 1.30983 1.54398 1.84648 -1.31119 1.94013 0.154018 0.0936494 -1.49216 0.262714 2.67252
-0.583189 -1.8466 1.30508 1.59511 1.89778 -1.29994 1.90444 0.117454 0.10149 -1.54283 0.241494 2.71934
-0.683656 -1.79827 1.27873 1.64679 1.949 -1.2881 1.86902 0.080592 0.130777 -1.59241 0.21904 2.7654
-0.757266 -1.75688 1.27526 1.68089 1.98311 -1.28001 1.83422 0.0430538 0.139382 -1.64304 0.197192 2.81183
-0.830908 -1.70975 1.27259 1.73197 2.03362 -1.26528 1.82647 0.00099725 0.14489 -1.6768 0.176629 2.85905
-1.00604 -1.56119 1.27022 1.78305 2.08349 -1.24859 1.79275 -0.0377392 0.151208 -1.72754 0.161771 2.88983
-1.00604 -1.56119 1.27023 1.83407 2.13329 -1.23169 1.75886 -0.076277 0.157018 -1.77832 0.139649 2.93609
-1.07201 -1.49346 1.27011 1.88509 2.17549 -1.1913 1.72354 -0.113245 0.161675 -1.82914 0.116668 2.98183
-1.16941 -1.39002 1.27194 1.93606 2.22373 -1.17314 1.68756 -0.149487 0.164327 -1.88008 0.091711 3.02635
-1.23257 -1.32091 1.27373 1.98703 2.27188 -1.15566 1.65048 -0.184526 0.166872 -1.93101 0.0656326 3.07019
-1.40682 -1.13196 1.27585 2.03799 2.31956 -1.13732 1.61248 -0.218541 0.168577 -1.98199 0.0389798 3.11367
-1.40682 -1.13196 1.27934 2.08892 2.36719 -1.11903 1.5741 -0.252133 0.169457 -2.03301 0.0116441 3.15673
-1.47014 -1.06192 1.28449 2.13981 2.41452 -1.10004 1.53608 -0.286135 0.170201 -2.08404 -0.0169844 3.199
-1.56428 -0.95994 1.29061 2.19067 2.46191 -1.08122 1.49721 -0.319189 0.168717 -2.13518 -0.0463802 3.2408
-1.62741 -0.892025 1.29756 2.24151 2.5096 -1.06316 1.45756 -0.351382 0.166236 -2.18637 -0.076612 3.28208
-1.79323 -0.71383 1.30461 2.29235 2.5578 -1.04644 1.41709 -0.382675 0.162294 -2.23764 -0.127039 3.31095
-1.79323 -0.71383 1.31105 2.3432 2.60612 -1.03003 1.37556 -0.412807 0.15837 -2.2889 -0.158872 3.35125
-1.86578 -0.636492 1.31844 2.39403 2.65523 -1.0157 1.33261 -0.441373 0.157048 -2.34003 -0.190476 3.39169
-2.03196 -0.453814 1.32675 2.44484 2.7047 -1.0023 1.29202 -0.472534 0.151818 -2.39137 -0.219735 3.43357
-2.03196 -0.453814 1.33355 2.49569 2.75469 -0.990267 1.24991 -0.502018 0.14945 -2.44255 -0.249235 3.4753
-2.10282 -0.375655 1.33796 2.52959 2.78789 -0.981921 1.20828 -0.532031 0.145494 -2.49382 -0.276814 3.51821
-2.27538 -0.183814 1.34204 2.5805 2.837 -0.967559 1.17981 -0.551253 0.144884 -2.52789 -0.294449 3.54728
-2.27538 -0.183814 1.3457 2.63142 2.88723 -0.956172 1.13843 -0.58155 0.143925 -2.57901 -0.321092 3.59077
-2.33852 -0.11352 1.34709 2.68241 2.93739 -0.944598 1.09797 -0.612852 0.145425 -2.63 -0.347058 3.63467
-2.49531 0.060088 1.34839 2.73339 2.98702 -0.931617 1.0587 -0.645475 0.148268 -2.68092 -0.372793 3.67872
-2.49531 0.060088 1.34878 2.7844 3.03621 -0.917477 1.02045 -0.67921 0.150838 -2.73185 -0.397428 3.72344
-2.66738 0.2528 1.34775 2.83544 3.08489 -0.901998 0.982648 -0.713445 0.154215 -2.78275 -0.420654 3.76903
-2.66738 0.2528 1.34544 2.88651 3.13319 -0.88553 0.945276 -0.748152 0.159888 -2.83352 -0.443029 3.81514
-2.7382 0.333968 1.34234 2.93761 3.18076 -0.86715 0.908896 -0.783954 0.165965 -2.88428 -0.464158 3.86201
-2.80672 0.414589 1.31594 2.98929 3.22843 -0.849023 0.873124 -0.820426 0.174227 -2.93493 -0.486407 3.9082
-2.96668 0.598764 1.31068 3.04044 3.27581 -0.830144 0.838415 -0.858068 0.20396 -2.98448 -0.508667 3.95438
-2.96668 0.598764 1.30709 3.09154 3.32238 -0.809115 0.803748 -0.895758 0.212749 -3.0351 -0.529738 4.00129
-3.1253 0.785724 1.30478 3.14262 3.3688 -0.787708 0.784557 -0.9505 0.219278 -3.08584 -0.551168 4.04798
-3.1253 0.785724 1.30399 3.19365 3.4149 -0.765448 0.751148 -0.989575 0.225509 -3.13659 -0.573337 4.09422
-3.19346 0.866137 1.3045 3.24466 3.45244 -0.720711 0.716005 -1.02674 0.229375 -3.18746 -0.595564 4.14042
-3.26108 0.947143 1.30604 3.29564 3.49789 -0.696766 0.679992 -1.06295 0.233356 -3.23832 -0.620438 4.185
-3.40841 1.1148 1.30797 3.3466 3.54415 -0.674936 0.643204 -1.0983 0.235396 -3.28928 -0.646441 4.22888
-3.50017 1.22095 1.309 3.38059 3.57495 -0.66028 0.605285 -1.1324 0.23747 -3.34024 -0.673094 4.27236
-3.50017 1.22095 1.31216 3.43153 3.62167 -0.639656 0.580262 -1.15542 0.238556 -3.37423 -0.691142 4.30118
-3.56847 1.30244 1.31545 3.48246 3.66908 -0.620835 0.541886 -1.18902 0.23966 -3.42524 -0.718513 4.34422
-3.72452 1.49455 1.32064 3.53334 3.71676 -0.602737 0.503392 -1.2225 0.239439 -3.47632 -0.747846 4.38605
-3.72452 1.49455 1.32746 3.58419 3.76475 -0.585458 0.464304 -1.25531 0.238005 -3.52745 -0.777522 4.42768
-3.78924 1.57318 1.33602 3.63499 3.81261 -0.567814 0.423936 -1.28672 0.235003 -3.57867 -0.807976 4.46883
-3.95989 1.75543 1.34217 3.68585 3.8608 -0.55106 0.382923 -1.31742 0.229891 -3.63 -0.858921 4.49739
-3.95989 1.75543 1.349 3.7367 3.90946 -0.535547 0.341343 -1.34749 0.228278 -3.68114 -0.890912 4.53759
-4.03875 1.84008 1.35772 3.78795 3.95898 -0.521009 0.29855 -1.3769 0.224427 -3.73286 -0.921209 4.57936
-4.10318 1.90673 1.36563 3.84481 4.01473 -0.507143 0.252809 -1.41137 0.220128 -3.79019 -0.95418 4.62605
-4.28256 2.09197 1.37252 3.90379 4.07263 -0.492993 0.203754 -1.44532 0.216256 -3.8496 -0.986675 4.6755
-4.28256 2.09197 1.37746 3.95856 4.12575 -0.47829 0.15899 -1.47765 0.213815 -3.90468 -1.01583 4.722
-4.35461 2.16504 1.38019 4.00275 4.16928 -0.468267 0.122617 -1.50341 0.213462 -3.94899 -1.03918 4.75957
-4.42874 2.23874 1.38105 4.03012 4.19593 -0.461312 0.101255 -1.52062 0.214332 -3.97637 -1.05265 4.78344
-4.60142 2.41342 1.38145 4.0397 4.20533 -0.459062 0.0936709 -1.52653 0.214426 -3.98596 -1.05772 4.79157
-4.60142 2.41342 1.3814 4.03741 4.20318 -0.459878 0.0947313 -1.52428 0.21431 -3.98367 -1.05656 4.78959
-4.68317 2.49534 1.38105 4.02961 4.1964 -0.464007 0.100025 -1.5185 0.213739 -3.97588 -1.05252 4.78292
-4.85753 2.66738 1.38084 4.02449 4.19038 -0.467751 0.104941 -1.51356 0.213565 -3.96893 -1.04888 4.77699
-4.94168 2.74972 0.640866 -6.76088 -5.82598 -2.44177 6.41163 5.41459 1.33984 5.76104 3.90636 -4.03983
-4.94168 2.74972 0.646131 -6.72342 -5.79045 -2.42847 6.38214 5.39078 1.34038 5.72325 3.89076 -4.00533
-5.01449 2.82566 0.651682 -6.67257 -5.74164 -2.41317 6.34077 5.35992 1.34193 5.672 3.8685 -3.95923
-5.08697 2.90344 0.655553 -6.61461 -5.68609 -2.39589 6.29512 5.32343 1.36632 5.61239 3.84047 -3.90834
-5.166 2.9882 0.658859 -6.55597 -5.62925 -2.38109 6.24977 5.28572 1.37036 5.55332 3.81153 -3.85724
n_cur:87 time:1373.91
-5.13584 3.18681 0.625435 -6.4647 -5.52903 -2.41343 6.22268 5.1864 1.3215 5.46665 3.73417 -3.79849
-6.26651 4.50864 0.622099 -6.41346 -5.48011 -2.39881 6.18626 5.1507 1.31672 5.41584 3.70364 -3.7572
-6.30937 4.58343 0.619032 -6.36224 -5.4315 -2.38296 6.14961 5.11522 1.31398 5.36492 3.67412 -3.71533
-6.3395 4.63988 0.618713 -6.31115 -5.38328 -2.36556 6.11232 5.08038 1.31098 5.31401 3.64542 -3.67299
-6.36233 4.69838 0.618116 -6.26003 -5.34033 -2.3271 6.07318 5.0474 1.30877 5.26305 3.61727 -3.63034
-6.33783 4.70489 0.619718 -6.20901 -5.2924 -2.30837 6.0337 5.01475 1.30886 5.21193 3.59109 -3.58661
-6.26954 4.64903 0.621637 -6.17504 -5.26017 -2.29683 6.00767 4.99269 1.3087 5.17785 3.57441 -3.55703
-6.17509 4.58334 0.624308 -6.12405 -5.21158 -2.28066 5.96616 4.96208 1.31096 5.12661 3.54919 -3.51277
-6.00867 4.46749 0.627862 -6.0731 -5.16275 -2.26576 5.92713 4.929 1.33466 5.07423 3.52463 -3.46806
-5.91678 4.38896 0.631856 -6.02215 -5.11387 -2.25176 5.8865 4.89751 1.33768 5.02295 3.50025 -3.42312
-5.84225 4.31931 0.637329 -5.97128 -5.06463 -2.23989 5.84628 4.8655 1.34061 4.97159 3.47678 -3.37771
-5.74463 4.22634 0.644576 -5.92055 -5.01554 -2.22788 5.80542 4.83399 1.34172 4.92023 3.45448 -3.33194
-5.67868 4.16084 0.65295 -5.8699 -4.96653 -2.21609 5.76565 4.80136 1.34175 4.86882 3.43319 -3.28567
-5.57969 4.06113 0.662928 -5.81931 -4.91735 -2.20566 5.7272 4.7675 1.33969 4.81744 3.4137 -3.23822
-5.49681 3.97791 0.671748 -5.76854 -4.86829 -2.19547 5.68965 4.73296 1.33539 4.76614 3.39387 -3.19025
-5.42155 3.90339 0.680763 -5.71767 -4.81898 -2.18724 5.65393 4.69683 1.32959 4.71484 3.37493 -3.14122
-5.32103 3.80409 0.691376 -5.66684 -4.76951 -2.18068 5.61854 4.66048 1.32368 4.6634 3.35906 -3.09058
-5.25407 3.73762 0.701697 -5.61587 -4.72017 -2.1743 5.5841 4.62344 1.31587 4.61212 3.34226 -3.03978
-5.08644 3.573 0.711197 -5.56469 -4.67071 -2.16893 5.5505 4.5859 1.30632 4.56103 3.32525 -2.98808
-5.08644 3.573 0.720593 -5.51335 -4.62184 -2.16118 5.51838 4.54739 1.29503 4.51021 3.30771 -2.93515
-5.00237 3.49091 0.726965 -5.46156 -4.57235 -2.15625 5.48836 4.50746 1.28013 4.4599 3.28892 -2.88059
-4.90042 3.39293 0.732035 -5.40948 -4.52297 -2.15106 5.47468 4.45301 1.26487 4.40946 3.2685 -2.82475
-4.8327 3.32762 0.734248 -5.3746 -4.47379 -2.14515 5.44594 4.41249 1.25059 4.35872 3.24812 -2.76786
-4.7658 3.26249 0.738606 -5.32229 -4.44118 -2.14058 5.42665 4.38562 1.24031 4.32498 3.23403 -2.72995
-4.66406 3.16439 0.741028 -5.26982 -4.39249 -2.13306 5.39619 4.34665 1.22368 4.27465 3.21079 -2.67424
-4.57981 3.08289 0.742022 -5.21725 -4.34456 -2.12351 5.36519 4.30806 1.20832 4.22397 3.18603 -2.61978
-4.5052 3.00962 0.742424 -5.16456 -4.29743 -2.11229 5.33281 4.27074 1.19458 4.17258 3.1599 -2.56584
-4.40544 2.91141 0.740419 -5.11166 -4.2503 -2.10108 5.28866 4.22186 1.17806 4.10413 3.10258 -2.50215
-4.32103 2.82968 0.716857 -5.05709 -4.20284 -2.08929 5.26658 4.19744 1.17117 4.07022 3.08607 -2.46586
-4.24744 2.75765 0.714397 -5.00414 -4.15446 -2.0776 5.23253 4.16166 1.16186 4.02036 3.06167 -2.41129
-4.17233 2.68392 0.714517 -4.95143 -4.10496 -2.06551 5.19854 4.12583 1.15257 3.97224 3.03964 -2.35582
-4.06372 2.57721 0.715925 -4.89883 -4.05474 -2.05219 5.16389 4.09062 1.14405 3.92533 3.01792 -2.30019
-3.99705 2.51141 0.718481 -4.84631 -4.00691 -2.01719 5.12809 4.05646 1.13612 3.87924 2.99746 -2.24412
-3.9295 2.44565 0.722714 -4.79389 -3.95584 -2.0034 5.09036 4.02407 1.12916 3.83341 2.97832 -2.18766
-3.8291 2.34717 0.727072 -4.74141 -3.90454 -1.99124 5.05398 3.99045 1.12257 3.78751 2.95945 -2.13122
-3.66033 2.18319 0.731736 -4.68874 -3.85304 -1.98038 5.01519 3.95906 1.11902 3.74125 2.9427 -2.07342
-3.66033 2.18319 0.737071 -4.63595 -3.80112 -1.97125 4.97887 3.92542 1.13484 3.69099 2.92893 -2.01368
-3.5764 2.10276 0.743688 -4.58336 -3.74888 -1.96369 4.94134 3.89292 1.13141 3.64499 2.91476 -1.95422
-3.50762 2.03872 0.751802 -4.53127 -3.69652 -1.95695 4.90267 3.86145 1.12502 3.59919 2.90018 -1.89612
-3.40037 1.9435 0.762013 -4.47998 -3.64417 -1.95046 4.86461 3.82939 1.1178 3.55263 2.88415 -1.84108
-3.30904 1.86939 0.770091 -4.4463 -3.60929 -1.94624 4.84043 3.8069 1.11155 3.52136 2.87537 -1.80513
-3.20107 1.78435 0.782215 -4.39618 -3.55685 -1.94082 4.80397 3.77334 1.10088 3.47414 2.85792 -1.75529
-3.10901 1.71238 0.792107 -4.34609 -3.50425 -1.93655 4.76879 3.73858 1.08809 3.42696 2.84157 -1.70658
-3.03602 1.65537 0.809326 -4.27998 -3.43359 -1.9348 4.72341 3.69069 1.07028 3.36395 2.81568 -1.64485
-2.85414 1.51253 0.818252 -4.24692 -3.39835 -1.93326 4.70092 3.66649 1.0617 3.33241 2.80232 -1.61411
-2.85414 1.51253 0.829606 -4.19723 -3.34528 -1.9326 4.66718 3.63003 1.04775 3.28553 2.78069 -1.56874
-2.76271 1.44044 0.839679 -4.14776 -3.29243 -1.93053 4.63443 3.59252 1.03334 3.2387 2.75832 -1.52441
-2.65434 1.35123 0.847943 -4.09799 -3.23926 -1.93067 4.60261 3.55413 1.0167 3.19239 2.73566 -1.48058
-2.56463 1.2762 0.854919 -4.04754 -3.18606 -1.93058 4.57146 3.51524 0.999011 3.14629 2.71145 -1.43761
-2.49392 1.21618 0.861142 -3.99603 -3.13297 -1.9289 4.54157 3.47553 0.981505 3.10006 2.68604 -1.39503
-2.31249 1.06725 0.866697 -3.94392 -3.07993 -1.92598 4.52937 3.4213 0.961865 3.05445 2.66018 -1.35245
-2.31249 1.06725 0.87076 -3.89151 -3.02692 -1.92234 4.50245 3.38033 0.945176 3.00806 2.63354 -1.31032
-2.12151 0.899824 0.873959 -3.83804 -2.97419 -1.91599 4.47273 3.34215 0.926276 2.96227 2.58701 -1.27912
-2.12151 0.899824 0.875682 -3.78259 -2.92154 -1.90828 4.44461 3.30323 0.906221 2.91667 2.55867 -1.23815
-2.0433 0.839322 0.854392 -3.72204 -2.8687 -1.9008 4.41586 3.26512 0.887159 2.87045 2.53178 -1.19617
-1.96033 0.78559 0.852316 -3.66002 -2.81602 -1.89079 4.38857 3.22633 0.86868 2.82357 2.50443 -1.15411
-1.81764 0.717367 0.854291 -3.59556 -2.7634 -1.87922 4.36168 3.1875 0.85041 2.77622 2.47858 -1.11093
-1.71271 0.669582 0.856096 -3.55168 -2.72837 -1.8709 4.34403 3.16151 0.83983 2.74402 2.46086 -1.08231
-1.58536 0.631513 0.860463 -3.48556 -2.67613 -1.85655 4.31765 3.12248 0.824069 2.69561 2.43597 -1.03839
-1.58536 0.631513 0.867399 -3.42028 -2.62739 -1.82105 4.29027 3.08408 0.809017 2.64706 2.41158 -0.994238
-1.58361 0.626348 0.877206 -3.33474 -2.55786 -1.80013 4.2525 3.03311 0.790061 2.58221 2.37915 -0.935472
-1.57406 0.630528 0.882852 -3.29206 -2.52256 -1.79231 4.23169 3.00871 0.781804 2.5494 2.36375 -0.905633
-1.56152 0.630543 0.892642 -3.22818 -2.46958 -1.78008 4.20064 2.97218 0.769909 2.50005 2.34141 -0.860447
-1.5495 0.625214 0.904251 -3.1645 -2.41638 -1.76944 4.17006 2.93609 0.760018 2.45008 2.32012 -0.814665
-1.47403 0.60792 0.919455 -3.10119 -2.36295 -1.76191 4.13904 2.90165 0.770648 2.39378 2.3002 -0.768113
-1.42346 0.599403 0.933182 -3.03773 -2.30959 -1.75562 4.10988 2.86757 0.761486 2.34359 2.28212 -0.720523
-1.41581 0.600944 0.946775 -2.97426 -2.25622 -1.75066 4.07974 2.83556 0.752069 2.29347 2.26099 -0.674662
-1.4031 0.609635 0.962385 -2.911 -2.20279 -1.74703 4.04975 2.80421 0.740625 2.24397 2.24037 -0.628513
-1.39423 0.610502 0.976009 -2.84753 -2.14923 -1.74476 4.02052 2.77255 0.728245 2.19477 2.22205 -0.581069
-1.40052 0.606228 0.988716 -2.78396 -2.09554 -1.74346 3.99182 2.74019 0.714312 2.14604 2.2029 -0.534095
-1.42518 0.599431 0.997878 -2.72002 -2.04153 -1.74479 3.96273 2.70781 0.699057 2.09772 2.18241 -0.487888
-1.4395 0.595416 1.00516 -2.65587 -1.98757 -1.74572 3.93578 2.67394 0.683256 2.04957 2.16042 -0.442527
-1.43632 0.592963 1.01177 -2.59166 -1.93374 -1.74522 3.90906 2.63992 0.667985 2.00126 2.13742 -0.397749
-1.43632 0.592963 1.0155 -2.54878 -1.87968 -1.74695 3.8835 2.60507 0.65151 1.95332 2.11313 -0.353695
-1.39377 0.598473 1.01829 -2.48417 -1.84369 -1.7475 3.86691 2.5815 0.640224 1.92145 2.09623 -0.324733
-1.32163 0.599195 1.02004 -2.41944 -1.78969 -1.74846 3.84135 2.54662 0.62141 1.87423 2.0717 -0.280826
-1.25489 0.598577 0.99817 -2.35222 -1.73578 -1.74835 3.8165 2.51123 0.601641 1.8273 2.04532 -0.237971
-1.1973 0.596408 0.997224 -2.28721 -1.68214 -1.74564 3.79296 2.47488 0.580474 1.7808 2.01785 -0.19574
-1.11144 0.589924 0.999213 -2.22251 -1.62853 -1.74252 3.76973 2.4383 0.560564 1.73392 1.98989 -0.153785
-1.05749 0.58266 1.00149 -2.15784 -1.57516 -1.73694 3.74767 2.40088 0.540665 1.68703 1.9611 -0.112308
-0.972735 0.56709 1.00771 -2.09358 -1.52178 -1.73145 3.72599 2.36318 0.519435 1.64055 1.91267 -0.0819644
-0.908322 0.548247 1.01429 -2.02937 -1.46847 -1.72515 3.72141 2.31306 0.498605 1.59395 1.88154 -0.0418215
-0.835888 0.520664 1.0222 -1.96529 -1.41539 -1.71656 3.70102 2.27442 0.478606 1.54709 1.85427 0.000502326
-0.715987 0.466221 1.03087 -1.9013 -1.36234 -1.70757 3.67855 2.23729 0.45867 1.50022 1.82631 0.0424347
-0.619047 0.423348 1.04135 -1.83749 -1.30951 -1.6964 3.6556 2.20052 0.441704 1.45243 1.79996 0.0852749
-0.535942 0.37735 1.0549 -1.77401 -1.25909 -1.66196 3.63233 2.16397 0.426004 1.40425 1.77442 0.128566
-0.430371 0.295696 1.06983 -1.71068 -1.20621 -1.65104 3.60754 2.12853 0.411485 1.3557 1.74977 0.172362
-0.355704 0.233911 1.08298 -1.64716 -1.15329 -1.64056 3.58218 2.09351 0.396284 1.30737 1.72578 0.216526
-0.276271 0.173537 1.09695 -1.58372 -1.10011 -1.63243 3.55671 2.05856 0.383116 1.2584 1.70172 0.260649
-0.175633 0.101075 1.11162 -1.52036 -1.04681 -1.62544 3.53056 2.02411 0.37115 1.20907 1.67887 0.305452
-0.0980871 0.0670214 1.12143 -1.47813 -0.993334 -1.61998 3.50463 1.9895 0.359712 1.15958 1.65746 0.351073
-0.0609887 0.0500221 1.13344 -1.41448 -0.957696 -1.61618 3.48686 1.96678 0.352948 1.12631 1.64271 0.381219
-0.0372044 0.0473078 1.14299 -1.35058 -0.904129 -1.61148 3.45995 1.93287 0.363733 1.06997 1.6228 0.427679
-0.040672 0.0524136 1.14969 -1.28638 -0.850464 -1.60762 3.43177 1.8999 0.356241 1.01926 1.60473 0.475165
-0.0486153 0.0584149 1.15793 -1.2007 -0.778793 -1.60346 3.39324 1.85662 0.340953 0.953279 1.577 0.536422
-0.0686447 0.0683503 1.16093 -1.15774 -0.742802 -1.60281 3.37373 1.83516 0.333308 0.920261 1.56307 0.567001
-0.0686447 0.0683503 1.16348 -1.0931 -0.688711 -1.60275 3.34311 1.80396 0.32035 0.871157 1.54492 0.614451
-0.0647239 0.0701027 1.16385 -1.02823 -0.63443 -1.60441 3.3149 1.771 0.306007 0.822491 1.52587 0.661494
-0.0637629 0.0686632 1.14173 -0.960981 -0.580311 -1.60442 3.28632 1.73831 0.290906 0.774128 1.50525 0.707782
-0.0664221 0.0668048 1.14117 -0.89601 -0.526094 -1.60526 3.25556 1.70721 0.275474 0.725993 1.48283 0.753194
-0.0713844 0.0646887 1.14379 -0.831367 -0.47179 -1.60683 3.22588 1.67532 0.260033 0.677988 1.45887 0.797881
-0.0786417 0.0608156 1.14843 -0.766921 -0.417571 -1.60749 3.19647 1.64323 0.243336 0.630459 1.43337 0.841787
-0.0830062 0.0570723 1.15472 -0.702656 -0.363565 -1.60601 3.1677 1.61068 0.225356 0.58344 1.4073 0.885453
-0.085522 0.0539797 1.16228 -0.638551 -0.30961 -1.60395 3.14006 1.57731 0.20601 0.536961 1.37984 0.928317
-0.0889628 0.0484404 1.16978 -0.574475 -0.25583 -1.60012 3.11313 1.54344 0.186207 0.490695 1.35193 0.970925
-0.0992011 0.0349897 1.1794 -0.510163 -0.202254 -1.59425 3.08717 1.50891 0.164996 0.444867 1.32271 1.01275
-0.119401 0.0122617 1.19102 -0.445617 -0.14864 -1.58864 3.06216 1.47372 0.144926 0.39869 1.29154 1.05345
-0.174054 -0.0398379 1.20582 -0.381617 -0.0951978 -1.5813 3.03666 1.43889 0.12431 0.352615 1.242 1.08289
-0.230586 -0.096419 1.2198 -0.31845 -0.0418898 -1.57259 3.0118 1.40351 0.10273 0.306567 1.21007 1.12318
-0.323068 -0.173362 1.22791 -0.277084 -0.0063988 -1.56628 2.99614 1.37919 0.0900865 0.275137 1.18901 1.15016
-0.396076 -0.241785 1.24552 -0.196251 0.0643885 -1.55169 2.96478 1.33049 0.0647025 0.211029 1.14863 1.20516
-0.488683 -0.345677 1.25395 -0.156327 0.0974598 -1.52231 2.94907 1.30616 0.0528451 0.178104 1.12968 1.23342
-0.538104 -0.408622 1.26531 -0.0972347 0.150359 -1.5094 2.92696 1.26846 0.0372928 0.127916 1.10121 1.27579
-0.601751 -0.504185 1.27388 -0.0393815 0.20364 -1.50003 2.92264 1.21715 0.0255248 0.0772688 1.07446 1.31921
-0.637391 -0.566175 1.27977 0.0167972 0.256985 -1.49116 2.90172 1.17785 0.0179952 0.0266842 1.04779 1.36268
-0.668948 -0.628299 1.28234 0.0706259 0.31046 -1.48343 2.87862 1.13971 0.0153801 -0.0237152 1.02185 1.4066
-0.707943 -0.718848 1.28383 0.122077 0.364187 -1.47799 2.85418 1.10219 0.0184304 -0.0740362 0.996604 1.45095
-0.733413 -0.789715 1.28372 0.172171 0.417937 -1.47266 2.82924 1.06481 0.0250659 -0.124333 0.971477 1.49537
-0.75384 -0.831651 1.28228 0.221918 0.471745 -1.46778 2.80276 1.02854 0.032901 -0.174676 0.948251 1.54095
-0.766502 -0.877072 1.28058 0.272309 0.525651 -1.46371 2.77647 0.99222 0.0420809 -0.224935 0.925876 1.58706
-0.767368 -0.912582 1.2766 0.323425 0.579698 -1.46083 2.74914 0.956816 0.0717347 -0.274249 0.904747 1.63394
-0.763657 -0.941089 1.25115 0.375081 0.633884 -1.45913 2.72182 0.921435 0.0791778 -0.324461 0.883602 1.6808
-0.757535 -0.994903 1.24494 0.426253 0.688374 -1.46027 2.69446 0.886063 0.0849633 -0.374749 0.860238 1.7263
-0.748205 -1.0575 1.24194 0.477345 0.742822 -1.46095 2.66638 0.851181 0.0902738 -0.425079 0.840208 1.77386
-0.731731 -1.14872 1.23958 0.52842 0.797134 -1.46019 2.63783 0.816576 0.0937572 -0.475527 0.817736 1.81991
-0.724323 -1.19832 1.23846 0.562459 0.833446 -1.46041 2.61775 0.794383 0.0957208 -0.509188 0.803863 1.85129
-0.713276 -1.24723 1.23828 0.613479 0.888106 -1.46219 2.58737 0.761477 0.0977167 -0.559733 0.780811 1.89698
-0.649252 -1.35395 1.23979 0.664458 0.942689 -1.46301 2.55756 0.728142 0.0993826 -0.610329 0.757137 1.94229
-0.589908 -1.45076 1.24082 0.715448 0.997191 -1.46264 2.52557 0.696331 0.100883 -0.660994 0.731365 1.98631
-0.524763 -1.55998 1.24326 0.766403 1.05155 -1.46021 2.49467 0.663257 0.10152 -0.711787 0.704448 2.02963
-0.469722 -1.6291 1.24598 0.81735 1.10599 -1.456 2.46294 0.630657 0.1007 -0.762768 0.677764 2.0731
-0.309607 -1.78818 1.2497 0.868273 1.16052 -1.44994 2.43036 0.59914 0.0985246 -0.813923 0.650391 2.11613
-0.309607 -1.78818 1.25489 0.919158 1.21503 -1.44384 2.39825 0.567129 0.0959127 -0.865159 0.621058 2.15797
-0.123232 -1.967 1.26172 0.970003 1.26892 -1.43616 2.36472 0.535764 0.0911941 -0.916518 0.591382 2.19959
-0.123232 -1.967 1.27028 1.0208 1.3212 -1.42406 2.32973 0.504221 0.0897717 -0.967684 0.559842 2.24007
-0.057716 -2.02931 1.27642 1.07167 1.37237 -1.41066 2.29314 0.471604 0.085142 -1.01898 0.509984 2.2693
0.00999953 -2.09366 1.28162 1.12255 1.42245 -1.39493 2.25516 0.437973 0.082068 -1.07021 0.477993 2.3095
0.123571 -2.20113 1.29072 1.17334 1.46659 -1.35457 2.21651 0.403611 0.0783671 -1.12146 0.447931 2.35089
0.19044 -2.26258 1.29814 1.22417 1.51602 -1.33703 2.17714 0.369681 0.076095 -1.17264 0.418123 2.39243
0.293142 -2.35563 1.30479 1.27502 1.56604 -1.32154 2.13995 0.334107 0.0758369 -1.22372 0.390333 2.43521
0.361812 -2.41868 1.31043 1.32589 1.61621 -1.30631 2.10426 0.297543 0.076636 -1.27474 0.362444 2.47793
0.53547 -2.57198 1.31281 1.35984 1.66692 -1.29339 2.06895 0.260571 0.0794786 -1.32567 0.336213 2.52167
0.53547 -2.57198 1.31577 1.42779 1.718 -1.28211 2.03428 0.222886 0.0820502 -1.3766 0.309951 2.56539
0.632711 -2.6573 1.3171 1.47877 1.76894 -1.27036 2.01604 0.167088 0.0854252 -1.42749 0.283962 2.60928
0.711966 -2.72881 1.3175 1.51277 1.80312 -1.26361 1.99295 0.141946 0.0889152 -1.46136 0.267263 2.63893
0.790232 -2.80191 1.31799 1.56378 1.85434 -1.25328 1.95846 0.10406 0.0946633 -1.51213 0.242959 2.68385
0.901082 -2.90327 1.31618 1.61484 1.90584 -1.244 1.9231 0.0671289 0.102504 -1.5628 0.219691 2.72941
0.970672 -2.9649 1.31397 1.66591 1.95792 -1.23716 1.88673 0.0313228 0.131791 -1.61238 0.19776 2.7758
1.14544 -3.11983 1.30957 1.71704 2.01003 -1.23058 1.84937 -0.00340788 0.140395 -1.66301 0.17763 2.82328
1.14544 -3.11983 1.28368 1.76871 2.06235 -1.22491 1.81148 -0.0375417 0.148732 -1.71365 0.155175 2.86935
1.23301 -3.19923 1.27767 1.81987 2.11431 -1.2176 1.77334 -0.0714011 0.15495 -1.7644 0.133327 2.91578
1.31057 -3.27142 1.27609 1.87093 2.16645 -1.21011 1.73504 -0.105094 0.160191 -1.8152 0.112764 2.963
1.42326 -3.37555 1.27327 1.92202 2.21945 -1.20455 1.69612 -0.13809 0.163809 -1.86608 0.0903556 3.00909
1.49233 -3.43924 1.2732 1.97304 2.27135 -1.19533 1.65614 -0.16993 0.166045 -1.91704 0.0682617 3.05537
1.6627 -3.60484 1.2736 2.02404 2.32323 -1.18634 1.61519 -0.20069 0.167711 -1.96802 0.0439477 3.10029
1.6627 -3.60484 1.27504 2.07502 2.37328 -1.1734 1.5739 -0.231083 0.169929 -2.01897 0.0192812 3.14499
1.7533 -3.69735 1.27718 2.12599 2.42185 -1.15748 1.53118 -0.259901 0.170871 -2.06999 -0.00732413 3.1885
1.82702 -3.77255 1.27959 2.17694 2.46938 -1.13944 1.4907 -0.291182 0.17065 -2.12106 -0.0340047 3.23197
1.99373 -3.93701 1.28284 2.22788 2.51658 -1.12063 1.44808 -0.320106 0.169215 -2.1722 -0.0614658 3.27495
1.99373 -3.93701 1.28649 2.26179 2.54806 -1.10798 1.42007 -0.339829 0.166344 -2.20639 -0.080676 3.30305
2.08499 -4.02958 1.29251 2.31266 2.59542 -1.08908 1.37794 -0.369304 0.163308 -2.25761 -0.109903 3.34495
2.15893 -4.10529 1.29903 2.36351 2.64199 -1.06805 1.33686 -0.399927 0.159384 -2.30888 -0.140477 3.38603
2.2324 -4.18125 1.30932 2.43128 2.70341 -1.03826 1.28379 -0.442633 0.155614 -2.37715 -0.200621 3.42888
2.33834 -4.29106 1.313 2.46519 2.73405 -1.02319 1.2578 -0.464578 0.152832 -2.41134 -0.222736 3.4552
2.40254 -4.35507 1.31998 2.51603 2.77205 -0.979646 1.21964 -0.498423 0.149286 -2.46258 -0.253576 3.49611
2.47772 -4.42875 1.32845 2.56684 2.8175 -0.9557 1.18174 -0.532548 0.146507 -2.51379 -0.2836 3.53752
2.58582 -4.53149 1.33603 2.61766 2.86376 -0.93387 1.14483 -0.56777 0.145085 -2.56493 -0.31252 3.57961
2.65375 -4.59801 1.34145 2.66854 2.91013 -0.912319 1.10823 -0.603328 0.145445 -2.61598 -0.340679 3.62216
2.7203 -4.66384 1.3463 2.71944 2.95734 -0.892981 1.07259 -0.639947 0.147142 -2.66696 -0.366963 3.66587
2.82843 -4.7683 1.34937 2.77038 3.00451 -0.873534 1.03836 -0.678117 0.149837 -2.71788 -0.393362 3.70951
2.91241 -4.85173 1.35059 2.82136 3.05223 -0.855537 1.01856 -0.73219 0.153008 -2.76879 -0.419589 3.75325
2.97888 -4.91869 1.35169 2.87235 3.10021 -0.838244 0.984848 -0.770926 0.157654 -2.81962 -0.444688 3.79769
3.07767 -5.01989 1.35228 2.92335 3.14826 -0.821115 0.950951 -0.809464 0.163204 -2.8704 -0.469678 3.84219
n_cur:97 time:1516.96
-3.71806 4.09356 0.885886 -3.56782 -2.74433 -1.83931 4.34982 3.16874 0.892332 2.73818 2.50578 -1.06815
-4.79935 5.17634 0.901273 -3.50291 -2.68989 -1.83818 4.32348 3.12968 0.873252 2.69086 2.48499 -1.02196
-4.923 5.29939 0.915551 -3.4382 -2.63591 -1.83439 4.29759 3.09028 0.852403 2.6441 2.46276 -0.976619
-4.923 5.29939 0.926731 -3.37433 -2.58193 -1.83133 4.26993 3.0518 0.832078 2.59733 2.43973 -0.931808
-4.97154 5.35248 0.936059 -3.31041 -2.5279 -1.82946 4.24182 3.01308 0.810929 2.55083 2.41544 -0.887716
-4.95183 5.33165 0.942421 -3.24617 -2.47419 -1.8267 4.21338 2.9746 0.79227 2.50356 2.39083 -0.843814
-4.87669 5.2503 0.947124 -3.20339 -2.42079 -1.8229 4.18328 2.93791 0.769871 2.45744 2.36492 -0.800644
-4.80572 5.17356 0.951563 -3.13895 -2.38532 -1.81961 4.16316 2.91413 0.756056 2.42635 2.34762 -0.771886
-4.58716 4.93347 0.954995 -3.0744 -2.33208 -1.81478 4.1338 2.87925 0.735861 2.37955 2.32014 -0.729613
-4.58716 4.93347 0.955752 -3.00957 -2.27891 -1.80872 4.103 2.84705 0.71685 2.33239 2.29218 -0.687616
-4.52351 4.86708 0.934235 -2.94239 -2.22566 -1.80308 4.07364 2.81491 0.698538 2.28501 2.26338 -0.646097
-4.42642 4.76723 0.932698 -2.87731 -2.1724 -1.79716 4.04519 2.78263 0.682579 2.23691 2.21494 -0.615704
-4.35215 4.69391 0.934971 -2.81264 -2.11938 -1.78893 4.01598 2.75088 0.667904 2.18841 2.18381 -0.575517
-4.27793 4.61838 0.939576 -2.74822 -2.06644 -1.78 3.98599 2.71924 0.65297 2.13999 2.15577 -0.533579
-4.09839 4.43148 0.945057 -2.68389 -2.01372 -1.76886 3.95547 2.68793 0.638805 2.09134 2.12817 -0.491395
-4.09839 4.43148 0.95248 -2.61976 -1.96318 -1.73636 3.92709 2.65511 0.62684 2.04201 2.10221 -0.448289
-4.03375 4.36347 0.960224 -2.55567 -1.9106 -1.72365 3.89907 2.62204 0.61526 1.99256 2.07666 -0.404954
-3.93707 4.26161 0.969404 -2.49173 -1.85766 -1.71447 3.87221 2.58813 0.604552 1.94284 2.05201 -0.361114
-3.86504 4.18866 0.980692 -2.42801 -1.80465 -1.70578 3.84628 2.55352 0.616827 1.88603 2.02802 -0.316906
-3.79018 4.11393 0.99441 -2.36455 -1.75152 -1.69823 3.82093 2.51849 0.607844 1.83578 2.00417 -0.272614
-3.60984 3.93358 1.00979 -2.30126 -1.69814 -1.69296 3.7955 2.48351 0.596696 1.7862 1.9811 -0.22789
-3.60984 3.93358 1.0217 -2.23761 -1.64475 -1.68782 3.77075 2.44804 0.585264 1.7367 1.95969 -0.182231
-3.54296 3.86733 1.03753 -2.17437 -1.5913 -1.68312 3.74674 2.41204 0.571568 1.6879 1.93911 -0.136102
-3.4449 3.7688 1.04698 -2.1321 -1.55565 -1.68005 3.73161 2.38739 0.563057 1.65518 1.92502 -0.105558
-3.37011 3.69542 1.06141 -2.06871 -1.50202 -1.67696 3.70827 2.3509 0.547802 1.60686 1.90695 -0.0580157
-3.29501 3.62095 1.07222 -2.00494 -1.44821 -1.6755 3.68642 2.31332 0.532001 1.55871 1.88582 -0.0122047
-3.11429 3.43465 1.0806 -1.94092 -1.39419 -1.67593 3.68199 2.26309 0.51673 1.5104 1.86667 0.0347193
-3.11429 3.43465 1.08761 -1.87675 -1.34004 -1.67766 3.66145 2.22456 0.500255 1.46245 1.84689 0.0812877
-3.04921 3.36635 1.09328 -1.81243 -1.28612 -1.67697 3.63997 2.18672 0.48263 1.41487 1.82775 0.128211
-2.95274 3.2649 1.09789 -1.74801 -1.23212 -1.67697 3.61671 2.15017 0.463863 1.36763 1.80726 0.174366
-2.88116 3.19238 1.09926 -1.68324 -1.17792 -1.67882 3.59354 2.11355 0.443597 1.32086 1.78532 0.2197
-2.80668 3.11822 1.10005 -1.61842 -1.1238 -1.67973 3.56916 2.07781 0.422668 1.27429 1.76227 0.264398
-2.62509 2.93866 1.07626 -1.55099 -1.06979 -1.67957 3.54471 2.04213 0.402373 1.22752 1.738 0.308397
-2.62509 2.93866 1.07789 -1.48625 -1.01596 -1.67757 3.51926 2.00717 0.382872 1.18051 1.71317 0.352073
-2.55804 2.87293 1.0806 -1.42163 -0.962303 -1.6738 3.49345 1.97247 0.360852 1.13428 1.68751 0.395256
-2.45924 2.77347 1.08506 -1.35719 -0.908849 -1.66799 3.46758 1.93781 0.339738 1.08776 1.66123 0.438083
-2.38564 2.69845 1.09241 -1.29305 -0.855357 -1.66244 3.44147 1.90333 0.320106 1.04079 1.6337 0.480218
-2.32005 2.63073 1.09979 -1.22892 -0.801941 -1.65609 3.41447 1.8695 0.302109 0.993318 1.6053 0.521888
-2.13486 2.43826 1.10822 -1.1649 -0.748753 -1.64745 3.38679 1.83616 0.285234 0.945485 1.55635 0.551842
-2.13486 2.43826 1.11744 -1.10096 -0.695711 -1.63732 3.35753 1.80396 0.269749 0.897176 1.52656 0.592507
-2.06906 2.37383 1.12584 -1.05858 -0.660374 -1.63029 3.33819 1.78238 0.260211 0.864726 1.50693 0.619694
-1.96967 2.27325 1.13913 -0.995071 -0.609638 -1.59796 3.30964 1.74967 0.245005 0.816364 1.47909 0.661398
-1.90056 2.20453 1.15451 -0.931785 -0.556907 -1.58464 3.27956 1.71808 0.23185 0.767465 1.45142 0.703304
-1.83734 2.13253 1.16768 -0.868265 -0.50377 -1.57513 3.25087 1.68547 0.219924 0.718335 1.42492 0.746134
-1.76147 2.03389 1.18348 -0.805034 -0.450594 -1.5659 3.22085 1.65383 0.208559 0.669196 1.3985 0.789218
-1.70921 1.95676 1.19796 -0.741677 -0.397216 -1.55851 3.19077 1.62222 0.198128 0.619855 1.3725 0.83272
-1.66168 1.88113 1.20957 -0.67801 -0.343724 -1.55212 3.16139 1.59011 0.211029 0.5632 1.34698 0.876626
-1.56266 1.68748 1.22016 -0.614197 -0.290135 -1.54655 3.13263 1.55756 0.201384 0.513717 1.32157 0.920674
-1.56266 1.68748 1.22783 -0.549881 -0.236421 -1.54208 3.10357 1.52525 0.190101 0.464877 1.29682 0.965166
-1.53328 1.62011 1.23467 -0.484786 -0.182668 -1.53789 3.07611 1.49183 0.177996 0.41639 1.27408 1.011
-1.49331 1.5118 1.24009 -0.419428 -0.128799 -1.5347 3.05003 1.45743 0.164073 0.368593 1.25166 1.05711
-1.46888 1.44392 1.2434 -0.354485 -0.0747675 -1.53296 3.0245 1.42259 0.150089 0.321022 1.22894 1.10306
-1.41575 1.26608 1.24414 -0.290679 -0.0204502 -1.53382 2.99887 1.38772 0.135907 0.273767 1.20811 1.15016
-1.41575 1.26608 1.22224 -0.227012 0.0340006 -1.53585 2.97393 1.35225 0.121717 0.226774 1.18477 1.19568
-1.39856 1.19623 1.21875 -0.166036 0.0880947 -1.53439 2.94953 1.31639 0.107153 0.1801 1.16477 1.24325
-1.38306 1.12948 1.21991 -0.106653 0.142437 -1.53517 2.92566 1.28006 0.0917321 0.133497 1.14334 1.28994
-1.35116 0.970228 1.22039 -0.0487287 0.196867 -1.53667 2.90267 1.24283 0.0764395 0.0862804 1.12117 1.33617
-1.35116 0.970228 1.22214 -0.0110859 0.233018 -1.53633 2.88734 1.21783 0.0684443 0.0541932 1.1058 1.36664
-1.34086 0.915062 1.22438 0.0438178 0.287394 -1.53715 2.86473 1.17963 0.0574465 0.00497995 1.08215 1.41196
-1.32798 0.837837 1.22636 0.0962847 0.34144 -1.53473 2.86013 1.12736 0.049032 -0.0454345 1.05697 1.45635
-1.31267 0.784966 1.22839 0.146965 0.395403 -1.53143 2.83751 1.08834 0.0473641 -0.096187 1.03022 1.49977
-1.25578 0.677685 1.23088 0.196784 0.449136 -1.52586 2.81273 1.05079 0.046651 -0.147126 1.00337 1.54313
-1.20438 0.590422 1.23355 0.246682 0.50285 -1.52 2.78831 1.01299 0.0431504 -0.198091 0.976076 1.58622
-1.15687 0.508388 1.23882 0.297366 0.556517 -1.51361 2.76303 0.975987 0.0390718 -0.248845 0.947403 1.62846
-1.00746 0.338168 1.24517 0.348223 0.609923 -1.50475 2.73677 0.939801 0.0361798 -0.299509 0.917648 1.67003
-1.00746 0.338168 1.25299 0.399042 0.663307 -1.49558 2.70986 0.904111 0.0349545 -0.350115 0.886535 1.71077
-0.82704 0.197507 1.25949 0.449895 0.716481 -1.48422 2.68257 0.868663 0.0350314 -0.400694 0.83692 1.74015
-0.82704 0.197507 1.26598 0.500748 0.767413 -1.45148 2.6552 0.833212 0.0365607 -0.451253 0.803599 1.77953
-0.744882 0.145142 1.27386 0.551565 0.820428 -1.43853 2.62763 0.797886 0.0387776 -0.501832 0.773795 1.82108
-0.657438 0.0938531 1.28132 0.602394 0.873882 -1.4292 2.59947 0.763211 0.0419805 -0.552395 0.74404 1.86265
-0.539509 0.0283633 1.28792 0.653244 0.927324 -1.41977 2.57067 0.729033 0.0459324 -0.602955 0.71594 1.90524
-0.44878 -0.0200381 1.29445 0.704096 0.980927 -1.41263 2.54002 0.696076 0.0513693 -0.653486 0.688356 1.94815
-0.361606 -0.0659354 1.29787 0.755026 1.03453 -1.40698 2.50936 0.662697 0.0589711 -0.703962 0.661819 1.99171
-0.174728 -0.162942 1.29997 0.805989 1.08795 -1.40138 2.47525 0.631801 0.0881142 -0.753413 0.635598 2.03545
-0.174728 -0.162942 1.30057 0.839985 1.14142 -1.39654 2.44453 0.598203 0.0966794 -0.804002 0.609568 2.07932
-0.115615 -0.19315 1.30186 0.890969 1.17712 -1.3939 2.42361 0.57614 0.102202 -0.837778 0.592851 2.10895
-0.0367921 -0.233321 1.30235 0.941972 1.23052 -1.38952 2.38997 0.544858 0.108569 -0.88857 0.567861 2.15345
0.00901369 -0.256433 1.30055 0.993034 1.28414 -1.38669 2.35424 0.514748 0.114426 -0.939387 0.545297 2.19945
0.114128 -0.308957 1.29833 1.04411 1.33749 -1.38326 2.31759 0.483597 0.119093 -0.990227 0.523365 2.24583
0.114128 -0.308957 1.29521 1.0952 1.39054 -1.3798 2.27816 0.452783 0.121745 -1.04116 0.502024 2.29257
0.14655 -0.325145 1.26804 1.1469 1.44268 -1.37359 2.23808 0.420676 0.124291 -1.09209 0.480119 2.33897
0.189733 -0.346301 1.26311 1.19804 1.49435 -1.36605 2.19777 0.387858 0.125995 -1.14307 0.457505 2.38493
0.219373 -0.361075 1.26045 1.24912 1.54663 -1.36117 2.15899 0.353498 0.126875 -1.19409 0.437137 2.43228
0.245584 -0.373909 1.25808 1.3002 1.59899 -1.35591 2.12103 0.319251 0.12762 -1.24512 0.415961 2.47912
0.300024 -0.400654 1.25808 1.35122 1.65105 -1.34924 2.08379 0.284392 0.126136 -1.29626 0.393464 2.52516
0.300024 -0.400654 1.25832 1.40223 1.70274 -1.34094 2.0481 0.247828 0.123655 -1.34745 0.369553 2.57032
0.317794 -0.409545 1.2598 1.45321 1.75426 -1.33177 2.01268 0.210966 0.119712 -1.39872 0.344552 2.61482
0.341186 -0.421139 1.26159 1.50418 1.80535 -1.32036 1.97788 0.173428 0.115788 -1.44998 0.318348 2.65858
0.355255 -0.42814 1.2637 1.55514 1.85652 -1.30892 1.95924 0.11808 0.114467 -1.50112 0.2916 2.702
0.367617 -0.425197 1.26671 1.60608 1.90762 -1.29676 1.92565 0.0792063 0.109236 -1.55245 0.264032 2.74492
0.431579 -0.531677 1.27235 1.65696 1.95844 -1.28322 1.89053 0.0420091 0.106868 -1.60363 0.235857 2.78747
0.431579 -0.531677 1.27524 1.69089 1.99209 -1.27334 1.8672 0.0171294 0.103991 -1.63782 0.216139 2.81526
0.538421 -0.629626 1.28212 1.74174 2.04215 -1.25712 1.83122 -0.0191129 0.102303 -1.68897 0.17528 2.86996
0.538421 -0.629626 1.29111 1.79253 2.08581 -1.2179 1.79415 -0.0541522 0.101344 -1.74009 0.154501 2.8971
0.5955 -0.703525 1.29659 1.84341 2.13461 -1.1998 1.75614 -0.0881666 0.102844 -1.79108 0.104252 2.92608
0.751488 -0.907379 1.30434 1.89423 2.18305 -1.18177 1.71776 -0.121759 0.105687 -1.842 0.0720296 2.96614
0.751488 -0.907379 1.31137 1.94507 2.23161 -1.16519 1.67975 -0.15576 0.108257 -1.89293 0.0430604 3.0082
0.818169 -0.984616 1.31913 1.99589 2.27993 -1.14854 1.64087 -0.188815 0.111633 -1.94383 0.0130848 3.04964
0.886311 -1.06188 1.32534 2.04675 2.32832 -1.13221 1.60122 -0.221008 0.117307 -1.99461 -0.014853 3.09233
1.05732 -1.24472 1.32989 2.09765 2.37633 -1.11494 1.56075 -0.252301 0.123383 -2.04536 -0.0416075 3.13575
1.13315 -1.31833 1.33356 2.14858 2.42421 -1.09737 1.51922 -0.282432 0.131645 -2.09601 -0.0682709 3.17923
1.13315 -1.31833 1.33503 2.19955 2.47169 -1.07879 1.47627 -0.310998 0.161378 -2.14557 -0.0939835 3.22328
1.29903 -1.48531 1.33625 2.25054 2.51968 -1.06154 1.43568 -0.342159 0.170168 -2.19618 -0.11946 3.26749
1.29903 -1.48531 1.33651 2.30155 2.56831 -1.04595 1.39357 -0.371643 0.176696 -2.24692 -0.144587 3.31191
1.47115 -1.6623 1.3356 2.35259 2.61741 -1.03157 1.35194 -0.401657 0.182927 -2.29767 -0.167813 3.35749
1.47115 -1.6623 1.33418 2.40364 2.66706 -1.01866 1.30982 -0.431131 0.186793 -2.34854 -0.189415 3.40408
1.55125 -1.74445 1.3302 2.45476 2.71747 -1.00772 1.26874 -0.461754 0.190775 -2.3994 -0.211316 3.45048
1.62616 -1.81833 1.32756 2.48884 2.75047 -0.998848 1.24163 -0.482478 0.19204 -2.43338 -0.225698 3.48155
1.70071 -1.89359 1.30121 2.54051 2.79952 -0.984364 1.20237 -0.515101 0.193919 -2.48435 -0.248005 3.5277
1.79653 -1.98689 1.29601 2.59166 2.84997 -0.973539 1.16411 -0.548836 0.195975 -2.53531 -0.269494 3.57435
1.86986 -2.05605 1.29338 2.64274 2.89982 -0.961137 1.12631 -0.583071 0.197079 -2.58632 -0.290205 3.62148
1.9455 -2.12965 1.29206 2.69379 2.9494 -0.948016 1.08894 -0.617779 0.196858 -2.6374 -0.3122 3.66783
2.12085 -2.30511 1.29189 2.74481 2.99849 -0.933627 1.05256 -0.65358 0.195423 -2.68854 -0.335251 3.71352
2.12085 -2.30511 1.29339 2.79579 3.04694 -0.91757 1.01679 -0.690052 0.192422 -2.73975 -0.358925 3.75883
2.19406 -2.38012 1.29442 2.84678 3.09493 -0.900262 0.982076 -0.727694 0.187309 -2.79108 -0.384849 3.80276
2.37438 -2.56087 1.29686 2.89774 3.14255 -0.882019 0.947409 -0.765384 0.184921 -2.84227 -0.411614 3.84617
2.37438 -2.56087 1.29958 2.94869 3.19001 -0.863332 0.928218 -0.820126 0.181822 -2.89349 -0.438298 3.88964
2.44115 -2.62792 1.3033 2.99961 3.23694 -0.843264 0.894809 -0.859201 0.177217 -2.94479 -0.465671 3.93268
2.53969 -2.72586 1.30849 3.05049 3.28355 -0.82235 0.859667 -0.896366 0.174775 -2.99598 -0.495003 3.97451
2.61476 -2.80067 1.31532 3.10134 3.32959 -0.799958 0.823653 -0.932572 0.171964 -3.04719 -0.524679 4.01614
2.68862 -2.87523 1.32388 3.15214 3.37562 -0.777507 0.786865 -0.967924 0.171756 -3.09826 -0.55622 4.05662
2.8694 -3.06225 1.33002 3.203 3.41345 -0.733534 0.748946 -1.00203 0.17196 -3.14932 -0.606078 4.08584
2.8694 -3.06225 1.33685 3.25385 3.45881 -0.709335 0.71135 -1.03649 0.174437 -3.20026 -0.638069 4.12604
2.93432 -3.12964 1.34432 3.30468 3.50508 -0.687546 0.672806 -1.06991 0.177003 -3.25119 -0.668131 4.16743
3.0319 -3.23098 1.35174 3.35551 3.55182 -0.666968 0.634076 -1.10312 0.180483 -3.30208 -0.697939 4.20898
3.09717 -3.29864 1.35839 3.40635 3.59897 -0.647468 0.594666 -1.13558 0.185383 -3.3529 -0.726171 4.25149
3.1951 -3.40012 1.36253 3.44026 3.63069 -0.63523 0.567598 -1.15635 0.189412 -3.38674 -0.744547 4.2801
3.26879 -3.47608 1.36641 3.49118 3.67841 -0.617232 0.526584 -1.18704 0.196541 -3.43744 -0.771026 4.32369
3.34225 -3.55185 1.3686 3.54214 3.72639 -0.599939 0.485004 -1.21712 0.203733 -3.48814 -0.79712 4.36752
3.52244 -3.73847 1.36964 3.59313 3.77444 -0.582811 0.442545 -1.24622 0.235545 -3.53759 -0.823366 4.41125
3.52244 -3.73847 1.3711 3.64411 3.82281 -0.566509 0.402129 -1.27757 0.242985 -3.58828 -0.8488 4.45548
3.58734 -3.80442 1.37067 3.69514 3.87185 -0.551987 0.359074 -1.30602 0.24947 -3.63902 -0.873104 4.50041
3.68701 -3.9019 1.36886 3.7462 3.92123 -0.538362 0.317766 -1.33639 0.254661 -3.68982 -0.894981 4.54682
3.76208 -3.97694 1.36652 3.79844 3.97201 -0.52511 0.274949 -1.36684 0.259017 -3.74183 -0.917825 4.59402
