0, 0, -3.9930176734924316, -4.471554756164551
1, 0, -3.667226552963257, -4.111536979675293
2, 0, -3.3391311168670654, -3.7547686100006104
3, 0, -3.011314630508423, -3.3979194164276123
4, 0, -2.74273943901062, -3.0240519046783447
5, 0, -2.4991090297698975, -2.6430184841156006
6, 0, -1.969977855682373, -2.2765281200408936
7, 0, -1.4117200374603271, -1.9096392393112183
8, 0, -0.8534588813781738, -1.5427547693252563
9, 0, -0.2951880097389221, -1.1758650541305542
10, 0, 0.2631072700023651, -0.8089670538902283
11, 0, 0.7974451780319214, -0.47156238555908203
12, 0, 1.2670719623565674, -0.21366283297538757
13, 0, 1.7070436477661133, 0.08049996942281723
14, 0, 1.9499783515930176, 0.5181134939193726
15, 0, 2.190340042114258, 0.9565503597259521
16, 0, 2.430701732635498, 1.3949899673461914
17, 0, 2.6710634231567383, 1.8334298133850098
18, 0, 2.9114251136779785, 2.271869659423828
19, 0, 3.1517868041992188, 2.7103095054626465
20, 0, 3.392148494720459, 3.148749351501465
21, 0, 3.632510185241699, 3.587189197540283
0, 1, 1.1437819004058838, 5.6117753982543945
1, 1, 1.0574432611465454, 5.144124507904053
2, 1, 0.9912495017051697, 4.699415683746338
3, 1, 0.9290457963943481, 4.2617902755737305
4, 1, 0.8658820986747742, 3.824899673461914
5, 1, 0.8062593340873718, 3.3887946605682373
6, 1, 0.7914089560508728, 3.0163328647613525
7, 1, 0.7595815658569336, 2.658247470855713
8, 1, 0.7274926900863647, 2.29996395111084
9, 1, 0.6954075694084167, 1.9416804313659668
10, 1, 0.6633327603340149, 1.5833892822265625
11, 1, 0.6312828660011292, 1.225063443183899
12, 1, 0.5992394089698792, 0.8667274117469788
13, 1, 0.5780921578407288, 0.4881526827812195
14, 1, 0.5735830068588257, 0.0786721408367157
15, 1, 0.4972563683986664, -0.36799997091293335
16, 1, 0.35191789269447327, -0.8464106917381287
17, 1, 0.20657919347286224, -1.3248213529586792
18, 1, 0.061239976435899734, -1.8032320737838745
19, 1, -0.08409911394119263, -2.2816426753997803
20, 1, -0.22943833470344543, -2.7600533962249756
21, 1, -0.3747769296169281, -3.238464117050171
22, 1, -0.5201161503791809, -3.716874837875366
23, 1, -0.6654561161994934, -4.195285320281982
24, 1, -0.8107960820198059, -4.673696041107178
0, 2, 3.970442295074463, -3.561099052429199
1, 2, 3.6712570190429688, -3.277776002883911
2, 2, 3.3986964225769043, -2.999511241912842
3, 2, 3.132561206817627, -2.7262661457061768
4, 2, 2.841947555541992, -2.497366189956665
5, 2, 2.537623882293701, -2.293156385421753
6, 2, 2.241157293319702, -2.1879987716674805
7, 2, 1.9555201530456543, -2.0912938117980957
8, 2, 1.6757020950317383, -1.9928088188171387
9, 2, 1.3974425792694092, -1.8938233852386475
10, 2, 1.1191880702972412, -1.7948379516601562
11, 2, 0.827808141708374, -1.671459674835205
12, 2, 0.4276335835456848, -1.345995306968689
13, 2, 0.022769702598452568, -1.0118211507797241
14, 2, -0.3827780485153198, -0.676376223564148
15, 2, -0.7400927543640137, -0.3123171329498291
16, 2, -1.06355881690979, 0.06895676255226135
17, 2, -1.3870272636413574, 0.4502309262752533
18, 2, -1.7104957103729248, 0.8315041661262512
19, 2, -2.0339627265930176, 1.2127772569656372
20, 2, -2.3574252128601074, 1.5940502882003784
21, 2, -2.6808876991271973, 1.9753233194351196
22, 2, -3.004350185394287, 2.3566012382507324
23, 2, -3.327812671661377, 2.7378690242767334
0, 3, 5.13118314743042, 1.0296083688735962
1, 3, 4.610435485839844, 0.90937340259552
2, 3, 4.120471000671387, 0.7909798622131348
3, 3, 3.639136791229248, 0.6743931770324707
4, 3, 3.1578054428100586, 0.5578064918518066
5, 3, 2.6768581867218018, 0.4422771632671356
6, 3, 2.181946277618408, 0.43938004970550537
7, 3, 1.6835590600967407, 0.4385187327861786
8, 3, 1.1851344108581543, 0.43755319714546204
9, 3, 0.6867108345031738, 0.43658730387687683
10, 3, 0.18828774988651276, 0.4356202185153961
11, 3, -0.301943838596344, 0.349761426448822
12, 3, -0.7837877869606018, 0.21624404191970825
13, 3, -1.2656316757202148, 0.08272665739059448
14, 3, -1.7474756240844727, -0.05079055204987526
15, 3, -2.2293195724487305, -0.18430791795253754
16, 3, -2.7111635208129883, -0.3178252875804901
17, 3, -3.193007469177246, -0.4513426721096039
18, 3, -3.674851417541504, -0.5848600268363953
19, 3, -4.156695365905762, -0.718377411365509
20, 3, -4.6385393142700195, -0.8518947958946228
0, 4, 1.5472307205200195, -4.809735298156738
1, 4, 1.4011722803115845, -4.3191423416137695
2, 4, 1.1736053228378296, -3.8027291297912598
3, 4, 0.9246307611465454, -3.2801644802093506
4, 4, 0.6756561994552612, -2.7576069831848145
5, 4, 0.42668119072914124, -2.235049247741699
6, 4, 0.1512683779001236, -1.639560341835022
7, 4, -0.12625838816165924, -1.0315957069396973
8, 4, -0.4037584364414215, -0.4235568046569824
9, 4, -0.6955595016479492, 0.14506201446056366
10, 4, -0.9879226684570312, 0.7121305465698242
11, 4, -1.1494356393814087, 1.244654655456543
12, 4, -1.2164431810379028, 1.7401421070098877
13, 4, -1.283450722694397, 2.2356324195861816
14, 4, -1.3504600524902344, 2.731125831604004
15, 4, -1.417471170425415, 3.226619243621826
16, 4, -1.4844822883605957, 3.7221126556396484
17, 4, -1.551492691040039, 4.2176008224487305
29, 5, -1.9518851041793823, -5.583665370941162
30, 5, -1.8170617818832397, -5.148969650268555
31, 5, -1.6651828289031982, -4.727438449859619
32, 5, -1.5106784105300903, -4.306805610656738
33, 5, -1.3806848526000977, -3.881542205810547
34, 5, -1.2932796478271484, -3.448215961456299
35, 5, -1.2394685745239258, -3.0085363388061523
36, 5, -1.2000447511672974, -2.566131830215454
37, 5, -1.1853104829788208, -2.119049310684204
38, 5, -1.1705762147903442, -1.6719712018966675
39, 5, -1.1558419466018677, -1.224894642829895
40, 5, -1.1411114931106567, -0.7778165936470032
41, 5, -1.1263823509216309, -0.3307376205921173
42, 5, -1.1116523742675781, 0.11634103953838348
43, 5, -1.096921443939209, 0.5634198188781738
44, 5, -1.0641194581985474, 1.0070796012878418
45, 5, -0.8131033182144165, 1.4293928146362305
46, 5, -0.5468523502349854, 1.852609634399414
47, 5, -0.2806026339530945, 2.2758264541625977
48, 5, -0.01435303594917059, 2.6990432739257812
49, 5, 0.25189658999443054, 3.122260093688965
50, 5, 0.5181461572647095, 3.5454769134521484
51, 5, 0.7843971252441406, 3.968693733215332
52, 5, 1.050647497177124, 4.391910552978516
53, 5, 1.3168957233428955, 4.815127372741699
29, 6, 5.249948978424072, -1.9893293380737305
30, 6, 4.853077411651611, -1.891756534576416
31, 6, 4.446539402008057, -1.8027608394622803
32, 6, 4.031373500823975, -1.73371422290802
33, 6, 3.6491739749908447, -1.6747345924377441
34, 6, 3.236171007156372, -1.6115728616714478
35, 6, 2.789555788040161, -1.5392793416976929
36, 6, 2.338003158569336, -1.4596924781799316
37, 6, 1.8700076341629028, -1.369356632232666
38, 6, 1.403435230255127, -1.2769827842712402
39, 6, 0.9374120235443115, -1.1820307970046997
40, 6, 0.4727695882320404, -1.0850721597671509
41, 6, 0.010131818242371082, -0.9866487383842468
42, 6, -0.451413631439209, -0.8858858346939087
43, 6, -0.9687520861625671, -0.7132817506790161
44, 6, -1.49037504196167, -0.5107273459434509
45, 6, -2.009035587310791, -0.28447893261909485
46, 6, -2.5242371559143066, -0.03791210800409317
47, 6, -3.0307812690734863, 0.23058053851127625
48, 6, -3.512392044067383, 0.5191034078598022
49, 6, -3.9557652473449707, 0.8157808780670166
50, 6, -4.366275787353516, 1.1070371866226196
51, 6, -4.7735185623168945, 1.3971405029296875
29, 7, 4.864559173583984, 3.257697105407715
30, 7, 4.443907737731934, 2.98057222366333
31, 7, 4.023329734802246, 2.7080399990081787
32, 7, 3.5980522632598877, 2.4495348930358887
33, 7, 3.2207188606262207, 2.2919182777404785
34, 7, 2.922325849533081, 2.1877264976501465
35, 7, 2.624483585357666, 2.0895187854766846
36, 7, 2.350647449493408, 1.985597014427185
37, 7, 2.122218608856201, 1.8497918844223022
38, 7, 1.892715334892273, 1.711273431777954
39, 7, 1.6621952056884766, 1.570102334022522
40, 7, 1.4306544065475464, 1.4262834787368774
41, 7, 1.1981446743011475, 1.2798681259155273
42, 7, 0.964701771736145, 1.130890130996704
43, 7, 0.7274412512779236, 0.9766656756401062
44, 7, 0.480830579996109, 0.8118958473205566
45, 7, 0.21543826162815094, 0.6040378212928772
46, 7, -0.14744281768798828, 0.3173236846923828
47, 7, -0.547351062297821, 0.017200857400894165
48, 7, -0.9472594857215881, -0.28292199969291687
49, 7, -1.3471653461456299, -0.5830451846122742
50, 7, -1.7470707893371582, -0.8831673860549927
51, 7, -2.1469783782958984, -1.1832886934280396
52, 7, -2.5468897819519043, -1.4834100008010864
53, 7, -2.94680118560791, -1.7835313081741333
54, 7, -3.346712589263916, -2.083652973175049
55, 7, -3.746623992919922, -2.3837742805480957
56, 7, -4.146525859832764, -2.6838955879211426
29, 8, 2.1505868434906006, -5.122599124908447
30, 8, 1.9647266864776611, -4.642573833465576
31, 8, 1.7765511274337769, -4.157352924346924
32, 8, 1.586471438407898, -3.671522855758667
33, 8, 1.378468632698059, -3.1822996139526367
34, 8, 1.14924955368042, -2.6890645027160645
35, 8, 0.9199374914169312, -2.195812225341797
36, 8, 0.703104555606842, -1.7049213647842407
37, 8, 0.5114994645118713, -1.2188037633895874
38, 8, 0.31989437341690063, -0.7326861619949341
39, 8, 0.1294063776731491, -0.24677935242652893
40, 8, -0.06115686893463135, 0.23914191126823425
41, 8, -0.2527577877044678, 0.7252594232559204
42, 8, -0.44553449749946594, 1.211599349975586
43, 8, -0.6396614909172058, 1.6981943845748901
44, 8, -0.8353654742240906, 2.1850883960723877
45, 8, -1.037003755569458, 2.6487669944763184
46, 8, -1.2396953105926514, 3.105839252471924
47, 8, -1.442384123802185, 3.5629115104675293
48, 8, -1.6450716257095337, 4.019983768463135
49, 8, -1.8477590084075928, 4.47705602645874
29, 9, 5.473281383514404, -0.8013193011283875
30, 9, 5.1065168380737305, -0.7132822275161743
31, 9, 4.7382354736328125, -0.6355408430099487
32, 9, 4.36067008972168, -0.5771098136901855
33, 9, 3.9562041759490967, -0.5136328339576721
34, 9, 3.565425157546997, -0.4576267600059509
35, 9, 3.216301918029785, -0.4177229106426239
36, 9, 2.8539223670959473, -0.3762587904930115
37, 9, 2.454833745956421, -0.3215115964412689
38, 9, 2.0538647174835205, -0.268547385931015
39, 9, 1.6510748863220215, -0.2173103541135788
40, 9, 1.2464665174484253, -0.16779735684394836
41, 9, 0.8400963544845581, -0.11995403468608856
42, 9, 0.4320034682750702, -0.07374333590269089
43, 9, 0.019140534102916718, -0.032054487615823746
44, 9, -0.4061082601547241, 0.0034404518082737923
45, 9, -0.8689568042755127, 0.08998458832502365
46, 9, -1.34432852268219, 0.18076027929782867
47, 9, -1.8313270807266235, 0.26730942726135254
48, 9, -2.3239238262176514, 0.35302090644836426
49, 9, -2.8165204524993896, 0.438732385635376
50, 9, -3.309117078781128, 0.5244438648223877
51, 9, -3.801713705062866, 0.6101553440093994
52, 9, -4.294310569763184, 0.6958662271499634
53, 9, -4.786907196044922, 0.7815771698951721
61, 10, 2.7344183921813965, -4.488440990447998
62, 10, 2.4742798805236816, -4.0614333152771
63, 10, 2.214141368865967, -3.6344358921051025
64, 10, 1.9581180810928345, -3.190781354904175
65, 10, 1.7084022760391235, -2.743333101272583
66, 10, 1.545698881149292, -2.31315279006958
67, 10, 1.4559667110443115, -1.8924400806427002
68, 10, 1.372153401374817, -1.4519093036651611
69, 10, 1.289402723312378, -0.9980299472808838
70, 10, 1.2069501876831055, -0.5404109954833984
71, 10, 1.1245157718658447, -0.0825815424323082
72, 10, 1.041683316230774, 0.37028273940086365
73, 10, 0.8875687122344971, 0.8445394039154053
74, 10, 0.6072123050689697, 1.3592180013656616
75, 10, 0.31372517347335815, 1.85801100730896
76, 10, -0.0007327529601752758, 2.330854654312134
77, 10, -0.3794591724872589, 2.657297372817993
78, 10, -0.758184552192688, 2.9837400913238525
79, 10, -1.1369105577468872, 3.310182809829712
80, 10, -1.5156384706497192, 3.6366255283355713
81, 10, -1.894364595413208, 3.9630682468414307
61, 11, -4.688838958740234, -2.9876129627227783
62, 11, -4.266544818878174, -2.7118093967437744
63, 11, -3.8436365127563477, -2.4360191822052
64, 11, -3.540273904800415, -2.1911866664886475
65, 11, -3.2728893756866455, -1.9606934785842896
66, 11, -3.029320478439331, -1.695162057876587
67, 11, -2.7941455841064453, -1.357908844947815
68, 11, -2.573972225189209, -1.0202745199203491
69, 11, -2.3579084873199463, -0.6913244724273682
70, 11, -2.1432082653045654, -0.36525315046310425
71, 11, -1.9286096096038818, -0.03939728066325188
72, 11, -1.7161517143249512, 0.28193438053131104
73, 11, -1.4718677997589111, 0.5789072513580322
74, 11, -1.1144206523895264, 0.8094122409820557
75, 11, -0.6669149398803711, 0.9799519181251526
76, 11, -0.21956247091293335, 1.1507065296173096
77, 11, 0.22728782892227173, 1.3221652507781982
78, 11, 0.6738540530204773, 1.4940229654312134
79, 11, 1.1201069355010986, 1.6663204431533813
80, 11, 1.5660107135772705, 1.839107871055603
81, 11, 2.016533136367798, 2.015873432159424
82, 11, 2.4803884029388428, 2.202519416809082
83, 11, 2.9442436695098877, 2.3891654014587402
84, 11, 3.4080989360809326, 2.5758113861083984
85, 11, 3.8719542026519775, 2.762453556060791
61, 12, 0.5036352276802063, 5.016835689544678
62, 12, 0.4506290555000305, 4.5196614265441895
63, 12, 0.3976224660873413, 4.022487163543701
64, 12, 0.3446146249771118, 3.525301456451416
65, 12, 0.28665006160736084, 3.0279250144958496
66, 12, 0.15739141404628754, 2.4904563426971436
67, 12, 0.044315483421087265, 2.0292656421661377
68, 12, -0.0714651495218277, 1.5642898082733154
69, 12, -0.1872456818819046, 1.0993139743804932
70, 12, -0.3030262291431427, 0.6343381404876709
71, 12, -0.4188067615032196, 0.16936230659484863
72, 12, -0.5343311429023743, -0.2956767976284027
73, 12, -0.5534546375274658, -0.7909550070762634
74, 12, -0.5604790449142456, -1.2909067869186401
75, 12, -0.5675034523010254, -1.7908586263656616
76, 12, -0.5745278596878052, -2.2908103466033936
77, 12, -0.581552267074585, -2.790762186050415
78, 12, -0.5885766744613647, -3.2907140254974365
79, 12, -0.5956010818481445, -3.790665864944458
80, 12, -0.6026254892349243, -4.2906107902526855
61, 13, -3.7428882122039795, -4.357282638549805
62, 13, -3.4239234924316406, -4.064156532287598
63, 13, -3.1121346950531006, -3.770343780517578
64, 13, -2.798642873764038, -3.448444128036499
65, 13, -2.4840972423553467, -3.1156833171844482
66, 13, -2.140794038772583, -2.7892658710479736
67, 13, -1.7074602842330933, -2.485865831375122
68, 13, -1.2738454341888428, -2.182072877883911
69, 13, -0.8400022387504578, -1.8779603242874146
70, 13, -0.4060111343860626, -1.5736409425735474
71, 13, 0.02800740674138069, -1.269283652305603
72, 13, 0.461726576089859, -0.9649145603179932
73, 13, 0.7676404118537903, -0.5626261830329895
74, 13, 1.0361056327819824, -0.14081285893917084
75, 13, 1.3045709133148193, 0.2810007929801941
76, 13, 1.5730361938476562, 0.7028139233589172
77, 13, 1.8415014743804932, 1.124627947807312
78, 13, 2.109964370727539, 1.546444058418274
79, 13, 2.3784265518188477, 1.9682601690292358
80, 13, 2.6468935012817383, 2.390070676803589
81, 13, 2.915357828140259, 2.8118808269500732
82, 13, 3.183817148208618, 3.2336909770965576
83, 13, 3.452279567718506, 3.655501127243042
61, 14, 1.2885502576828003, 5.938520908355713
62, 14, 1.196488618850708, 5.466531753540039
63, 14, 1.1041885614395142, 4.994699001312256
64, 14, 1.0116382837295532, 4.52302885055542
65, 14, 0.9181102514266968, 4.050658226013184
66, 14, 0.8094336986541748, 3.5654053688049316
67, 14, 0.6506941318511963, 3.1152377128601074
68, 14, 0.49559396505355835, 2.660013198852539
69, 14, 0.340495228767395, 2.2047886848449707
70, 14, 0.18539643287658691, 1.7495641708374023
71, 14, 0.03029780462384224, 1.294339656829834
72, 14, -0.12480051815509796, 0.8391151428222656
73, 14, -0.24209000170230865, 0.36826276779174805
74, 14, -0.31713634729385376, -0.11583701521158218
75, 14, -0.393413245677948, -0.603551983833313
76, 14, -0.4705333709716797, -1.095323085784912
77, 14, -0.5479243993759155, -1.589294195175171
78, 14, -0.6253161430358887, -2.083268642425537
79, 14, -0.7027090787887573, -2.5772480964660645
80, 14, -0.7801021337509155, -3.071227550506592
81, 14, -0.8574951887130737, -3.565207004547119
82, 14, -0.934887707233429, -4.059180736541748
83, 14, -1.0122798681259155, -4.553160190582275
84, 14, -1.0896705389022827, -5.047139644622803
90, 15, -3.260401964187622, -4.761796951293945
91, 15, -3.03114652633667, -4.377538204193115
92, 15, -2.8050498962402344, -3.9877567291259766
93, 15, -2.582379102706909, -3.5919814109802246
94, 15, -2.3606951236724854, -3.1942012310028076
95, 15, -2.139566421508789, -2.795151710510254
96, 15, -1.9350123405456543, -2.3829314708709717
97, 15, -1.742365837097168, -2.0106754302978516
98, 15, -1.5536983013153076, -1.6584137678146362
99, 15, -1.3653223514556885, -1.3076105117797852
100, 15, -1.1769431829452515, -0.9568073749542236
101, 15, -0.9885635375976562, -0.6060042381286621
102, 15, -0.800186038017273, -0.25520214438438416
103, 15, -0.5870423913002014, 0.07973792403936386
104, 15, -0.32931292057037354, 0.385743647813797
105, 15, -0.07158400863409042, 0.6917484998703003
106, 15, 0.18614444136619568, 0.9977541565895081
107, 15, 0.44168680906295776, 1.3052067756652832
108, 15, 0.6960843205451965, 1.6134172677993774
109, 15, 0.9654693603515625, 1.938055157661438
110, 15, 1.2725259065628052, 2.327293872833252
111, 15, 1.5810455083847046, 2.720756769180298
112, 15, 1.889565110206604, 3.1142280101776123
113, 15, 2.1982405185699463, 3.5075876712799072
114, 15, 2.5067498683929443, 3.9010655879974365
115, 15, 2.81522536277771, 4.294572353363037
90, 16, -0.9946865439414978, -5.6510396003723145
91, 16, -0.8714519739151001, -5.219199180603027
92, 16, -0.7421691417694092, -4.783960819244385
93, 16, -0.6064950823783875, -4.3451313972473145
94, 16, -0.46115168929100037, -3.897366762161255
95, 16, -0.30733415484428406, -3.4386203289031982
96, 16, -0.05666869506239891, -2.996358871459961
97, 16, 0.2216639369726181, -2.5630645751953125
98, 16, 0.4993479251861572, -2.1320254802703857
99, 16, 0.7761973738670349, -1.7038865089416504
100, 16, 1.0519776344299316, -1.2794662714004517
101, 16, 1.3263907432556152, -0.8597971796989441
102, 16, 1.5990636348724365, -0.4461791515350342
103, 16, 1.651870846748352, 0.036969006061553955
104, 16, 1.6114006042480469, 0.5403313040733337
105, 16, 1.5706932544708252, 1.0438506603240967
106, 16, 1.5297155380249023, 1.5475491285324097
107, 16, 1.488423228263855, 2.051455497741699
108, 16, 1.4467605352401733, 2.5556068420410156
109, 16, 1.4020209312438965, 3.0558855533599854
110, 16, 1.35563063621521, 3.553727388381958
111, 16, 1.3092403411865234, 4.05156946182251
112, 16, 1.262850046157837, 4.549411296844482
113, 16, 1.2164597511291504, 5.047253131866455
90, 17, 5.637741565704346, -0.3107578456401825
91, 17, 5.138493061065674, -0.28323987126350403
92, 17, 4.639244556427002, -0.255720853805542
93, 17, 4.165460586547852, -0.21203987300395966
94, 17, 3.844104290008545, -0.09554813802242279
95, 17, 3.5123226642608643, 0.06995543092489243
96, 17, 3.225773572921753, 0.22422313690185547
97, 17, 3.0319478511810303, 0.3923088610172272
98, 17, 2.7664599418640137, 0.6264199614524841
99, 17, 2.495985984802246, 0.865711510181427
100, 17, 2.2255120277404785, 1.1050020456314087
101, 17, 1.955039143562317, 1.344290852546692
102, 17, 1.6845711469650269, 1.583579659461975
103, 17, 1.3756678104400635, 1.7939276695251465
104, 17, 0.9830220937728882, 1.9412167072296143
105, 17, 0.5822228193283081, 2.0865185260772705
106, 17, 0.04137296974658966, 2.1976404190063477
107, 17, -0.46825918555259705, 2.1505773067474365
108, 17, -0.9444199204444885, 1.9980369806289673
109, 17, -1.4205832481384277, 1.84549081325531
110, 17, -1.8967468738555908, 1.6929446458816528
111, 17, -2.372905731201172, 1.5403984785079956
112, 17, -2.8490633964538574, 1.3878523111343384
113, 17, -3.325221061706543, 1.2353061437606812
114, 17, -3.8013787269592285, 1.0827622413635254
115, 17, -4.277543544769287, 0.9302193522453308
116, 17, -4.753713130950928, 0.7776761651039124
90, 18, -1.8741453886032104, -4.768697738647461
91, 18, -1.691257119178772, -4.303352355957031
92, 18, -1.508370041847229, -3.8380026817321777
93, 18, -1.3254802227020264, -3.372645378112793
94, 18, -1.1467328071594238, -2.8997485637664795
95, 18, -1.0436965227127075, -2.2941818237304688
96, 18, -0.9912056922912598, -1.6416735649108887
97, 18, -0.9475631713867188, -1.111534833908081
98, 18, -0.9041540622711182, -0.63543701171875
99, 18, -0.8607450723648071, -0.15979087352752686
100, 18, -0.8173350095748901, 0.3158562183380127
101, 18, -0.7248921394348145, 0.8284268975257874
102, 18, -0.5618917942047119, 1.3941283226013184
103, 18, -0.3938347399234772, 1.963637351989746
104, 18, -0.22017817199230194, 2.5373623371124268
105, 18, -0.037217918783426285, 3.1142866611480713
106, 18, 0.2991269528865814, 3.508016586303711
107, 18, 0.6564827561378479, 3.857728958129883
108, 18, 1.0138393640518188, 4.207441329956055
90, 19, 0.2925528287887573, 5.274296760559082
91, 19, 0.2648620009422302, 4.77507209777832
92, 19, 0.23717081546783447, 4.275847434997559
93, 19, 0.18421876430511475, 3.7601451873779297
94, 19, 0.13553917407989502, 3.245908498764038
95, 19, 0.17944175004959106, 2.7462706565856934
96, 19, 0.22595225274562836, 2.3270537853240967
97, 19, 0.2655913829803467, 1.930540919303894
98, 19, 0.3052314519882202, 1.534032940864563
99, 19, 0.34487152099609375, 1.137524962425232
100, 19, 0.3845127522945404, 0.741021990776062
101, 19, 0.4241567552089691, 0.34452885389328003
102, 19, 0.46380263566970825, -0.05195728689432144
103, 19, 0.4520711600780487, -0.5479516983032227
104, 19, 0.37888261675834656, -1.042566180229187
105, 19, 0.305694043636322, -1.537183403968811
106, 19, 0.23250442743301392, -2.0318002700805664
107, 19, 0.15931513905525208, -2.526411533355713
108, 19, 0.08612585067749023, -3.0210227966308594
109, 19, 0.012936696410179138, -3.515634059906006
110, 19, -0.06025228276848793, -4.0102458000183105
111, 19, -0.13344143331050873, -4.504868984222412
121, 20, -0.8801776766777039, 5.933061122894287
122, 20, -0.7960352897644043, 5.480843544006348
123, 20, -0.7001942992210388, 5.0386247634887695
124, 20, -0.5901374816894531, 4.594463348388672
125, 20, -0.47371742129325867, 4.163602352142334
126, 20, -0.3709236681461334, 3.7575321197509766
127, 20, -0.25148260593414307, 3.374924898147583
128, 20, -0.12883815169334412, 3.025223731994629
129, 20, -0.006193357519805431, 2.675523281097412
130, 20, 0.11645127832889557, 2.3258228302001953
131, 20, 0.23909543454647064, 1.9761219024658203
132, 20, 0.30749353766441345, 1.59684157371521
133, 20, 0.3251631557941437, 1.1956367492675781
134, 20, 0.3428315222263336, 0.7944319248199463
135, 20, 0.3624223470687866, 0.3936743140220642
136, 20, 0.383759081363678, -0.006677706725895405
137, 20, 0.4053865671157837, -0.426655650138855
138, 20, 0.4495150148868561, -0.9211824536323547
139, 20, 0.4955342710018158, -1.4190601110458374
140, 20, 0.5415521860122681, -1.9169377088546753
141, 20, 0.5875700116157532, -2.4148154258728027
142, 20, 0.6335892677307129, -2.9126930236816406
143, 20, 0.6796084642410278, -3.4105706214904785
144, 20, 0.7256277203559875, -3.9084482192993164
145, 20, 0.7716478109359741, -4.406335353851318
146, 20, 0.8176681995391846, -4.904224872589111
147, 20, 0.8636885285377502, -5.402114391326904
121, 21, 3.7453150749206543, -3.7059412002563477
122, 21, 3.389899730682373, -3.354261875152588
123, 21, 3.0344839096069336, -3.002582550048828
124, 21, 2.6363768577575684, -2.6547811031341553
125, 21, 2.230011463165283, -2.306475877761841
126, 21, 1.848381757736206, -1.9176403284072876
127, 21, 1.4081484079360962, -1.4123809337615967
128, 21, 0.9316926002502441, -0.8331670165061951
129, 21, 0.45523691177368164, -0.25395455956459045
130, 21, -0.021217945963144302, 0.32525575160980225
131, 21, -0.4976699948310852, 0.9044626951217651
132, 21, -0.8952814340591431, 1.2956290245056152
133, 21, -1.2741166353225708, 1.6219465732574463
134, 21, -1.6529518365859985, 1.9482641220092773
135, 21, -2.031787157058716, 2.2745866775512695
136, 21, -2.4106223583221436, 2.6009087562561035
137, 21, -2.7894575595855713, 2.927225351333618
138, 21, -3.168292760848999, 3.253541946411133
121, 22, -4.762381553649902, 3.7551109790802
122, 22, -4.415886878967285, 3.4713423252105713
123, 22, -4.083662509918213, 3.184356689453125
124, 22, -3.7605576515197754, 2.883173704147339
125, 22, -3.435304641723633, 2.561455488204956
126, 22, -3.096135139465332, 2.202009916305542
127, 22, -2.7936055660247803, 1.8406842947006226
128, 22, -2.4901273250579834, 1.4636375904083252
129, 22, -2.1877524852752686, 1.0879453420639038
130, 22, -1.8866605758666992, 0.7138250470161438
131, 22, -1.5870670080184937, 0.3415420949459076
132, 22, -1.2047045230865479, 0.013691497966647148
133, 22, -0.7748891115188599, -0.2917911410331726
134, 22, -0.3437501788139343, -0.5969662666320801
135, 22, 0.08887461572885513, -0.9017965197563171
136, 22, 0.5231844782829285, -1.2062352895736694
137, 22, 0.9560484290122986, -1.4929425716400146
138, 22, 1.3825074434280396, -1.7539691925048828
139, 22, 1.8089667558670044, -2.014995574951172
140, 22, 2.2354259490966797, -2.2760162353515625
141, 22, 2.6618852615356445, -2.537043333053589
142, 22, 3.0883445739746094, -2.7980716228485107
143, 22, 3.514803886413574, -3.0591001510620117
144, 22, 3.941263198852539, -3.3201284408569336
121, 23, -5.9113240242004395, -0.7571399807929993
122, 23, -5.405592441558838, -0.7129676938056946
123, 23, -4.886345386505127, -0.6659824252128601
124, 23, -4.364072799682617, -0.6157122850418091
125, 23, -3.833282470703125, -0.5780801773071289
126, 23, -3.3075475692749023, -0.6081677675247192
127, 23, -2.7762556076049805, -0.6096357107162476
128, 23, -2.223612070083618, -0.5597204566001892
129, 23, -1.6709662675857544, -0.5098074078559875
130, 23, -1.1183239221572876, -0.4598952531814575
131, 23, -0.5656815767288208, -0.4099838137626648
132, 23, -0.02970898151397705, -0.3563065826892853
133, 23, 0.4872361421585083, -0.2928324341773987
134, 23, 1.0052316188812256, -0.22838103771209717
135, 23, 1.5064191818237305, -0.14384758472442627
136, 23, 1.9971442222595215, -0.047983475029468536
137, 23, 2.4878692626953125, 0.047880690544843674
138, 23, 2.9785943031311035, 0.1437447965145111
139, 23, 3.4693193435668945, 0.23960918188095093
140, 23, 3.9600443840026855, 0.3354729115962982
141, 23, 4.450758457183838, 0.43133655190467834
142, 23, 4.941471576690674, 0.5271998643875122
121, 24, 4.3925604820251465, 3.78225040435791
122, 24, 4.02406644821167, 3.4335999488830566
123, 24, 3.6413469314575195, 3.0747504234313965
124, 24, 3.2991931438446045, 2.708327054977417
125, 24, 2.964080810546875, 2.3533174991607666
126, 24, 2.7314329147338867, 2.016742467880249
127, 24, 2.469853401184082, 1.5698186159133911
128, 24, 2.215712547302246, 1.059942364692688
129, 24, 1.9612011909484863, 0.5498084425926208
130, 24, 1.7067079544067383, 0.03968746215105057
131, 24, 1.4527958631515503, -0.4700300991535187
132, 24, 1.1934406757354736, -0.9692174196243286
133, 24, 0.8935686349868774, -1.4242479801177979
134, 24, 0.4451925456523895, -1.7655757665634155
135, 24, -0.008558190427720547, -2.0981357097625732
136, 24, -0.4692366123199463, -2.293757438659668
137, 24, -0.9298046827316284, -2.4883785247802734
138, 24, -1.3903752565383911, -2.682999610900879
139, 24, -1.850946307182312, -2.8776206970214844
140, 24, -2.3115134239196777, -3.07224178314209
141, 24, -2.772078514099121, -3.2668628692626953
142, 24, -3.2326436042785645, -3.4614791870117188
143, 24, -3.693208694458008, -3.6560921669006348
152, 25, -5.289774417877197, 2.4917192459106445
153, 25, -4.837446689605713, 2.278656482696533
154, 25, -4.362865924835205, 2.0748586654663086
155, 25, -3.8640167713165283, 1.8802480697631836
156, 25, -3.3494300842285156, 1.7074745893478394
157, 25, -2.8166556358337402, 1.5900099277496338
158, 25, -2.29672908782959, 1.5307724475860596
159, 25, -1.7867850065231323, 1.4786365032196045
160, 25, -1.2768374681472778, 1.4265035390853882
161, 25, -0.7668885588645935, 1.3743705749511719
162, 25, -0.25693798065185547, 1.3222376108169556
163, 25, 0.31311607360839844, 1.1779731512069702
164, 25, 0.903018593788147, 1.0032552480697632
165, 25, 1.49175226688385, 0.8206214904785156
166, 25, 1.9639900922775269, 0.5481013059616089
167, 25, 2.3427186012268066, 0.22166454792022705
168, 25, 2.7214479446411133, -0.10477191209793091
169, 25, 3.100182056427002, -0.43120837211608887
170, 25, 3.4789164066314697, -0.7576451301574707
171, 25, 3.8576507568359375, -1.0840818881988525
172, 25, 4.2363810539245605, -1.4105186462402344
173, 25, 4.615108966827393, -1.7369554042816162
152, 26, 5.578012943267822, 0.3114914298057556
153, 26, 5.127378940582275, 0.2738388478755951
154, 26, 4.676487922668457, 0.23309603333473206
155, 26, 4.2258076667785645, 0.1930646151304245
156, 26, 3.77534818649292, 0.15377692878246307
157, 26, 3.3032193183898926, 0.12439209222793579
158, 26, 2.6693010330200195, 0.1163039579987526
159, 26, 1.964309573173523, 0.11636891961097717
160, 26, 1.2593237161636353, 0.11643373966217041
161, 26, 0.5543378591537476, 0.11649855971336365
162, 26, -0.15064585208892822, 0.11656373739242554
163, 26, -0.7023282051086426, 0.15182848274707794
164, 26, -1.218920111656189, 0.179615780711174
165, 26, -1.7162131071090698, 0.12748517096042633
166, 26, -2.2134828567504883, 0.07530762255191803
167, 26, -2.710752487182617, 0.02313007414340973
168, 26, -3.208022117614746, -0.0290475245565176
169, 26, -3.705291748046875, -0.08122505992650986
170, 26, -4.202561378479004, -0.13340266048908234
171, 26, -4.699831008911133, -0.1855802834033966
152, 27, 3.0530972480773926, -3.990938663482666
153, 27, 2.733603000640869, -3.5883877277374268
154, 27, 2.4193053245544434, -3.1673343181610107
155, 27, 2.110732078552246, -2.7269394397735596
156, 27, 1.8021548986434937, -2.2865445613861084
157, 27, 1.3669754266738892, -1.827545166015625
158, 27, 0.8229801058769226, -1.3586170673370361
159, 27, 0.2946421504020691, -0.8950479030609131
160, 27, -0.23369406163692474, -0.43147873878479004
161, 27, -0.7620296478271484, 0.03208969905972481
162, 27, -1.2781153917312622, 0.5277941226959229
163, 27, -1.5726866722106934, 0.9983393549919128
164, 27, -1.8059911727905273, 1.4405699968338013
165, 27, -2.0392978191375732, 1.8828006982803345
166, 27, -2.2726023197174072, 2.325031280517578
167, 27, -2.505906820297241, 2.7672619819641113
168, 27, -2.7392115592956543, 3.2094926834106445
152, 28, -2.2401156425476074, -5.285912990570068
153, 28, -2.0106022357940674, -4.873530864715576
154, 28, -1.776790976524353, -4.444089412689209
155, 28, -1.5408897399902344, -3.993760824203491
156, 28, -1.3129668235778809, -3.6125290393829346
157, 28, -1.0682016611099243, -3.286214590072632
158, 28, -0.8334633708000183, -2.9085490703582764
159, 28, -0.6212350726127625, -2.504310369491577
160, 28, -0.4090067744255066, -2.100071668624878
161, 28, -0.19677843153476715, -1.6958329677581787
162, 28, 0.015450563281774521, -1.2915905714035034
163, 28, 0.22632434964179993, -0.8852686882019043
164, 28, 0.411761075258255, -0.44003826379776
165, 28, 0.571514904499054, 0.03485042601823807
166, 28, 0.7298462390899658, 0.5091189742088318
167, 28, 0.8881783485412598, 0.9833871722221375
168, 28, 1.046510934829712, 1.457655429840088
169, 28, 1.2048447132110596, 1.9319236278533936
170, 28, 1.3631784915924072, 2.4061968326568604
171, 28, 1.5215122699737549, 2.8804709911346436
172, 28, 1.6798460483551025, 3.3547451496124268
173, 28, 1.8381798267364502, 3.82901930809021
174, 28, 1.9965136051177979, 4.303286075592041
152, 29, -3.884727716445923, -4.320713520050049
153, 29, -3.5797972679138184, -3.919861078262329
154, 29, -3.293572425842285, -3.540393829345703
155, 29, -3.027146100997925, -3.184826612472534
156, 29, -2.742030620574951, -2.831671953201294
157, 29, -2.4238150119781494, -2.483381748199463
158, 29, -2.153028964996338, -2.2221744060516357
159, 29, -1.9120689630508423, -2.004915475845337
160, 29, -1.6711052656173706, -1.78765070438385
161, 29, -1.430141568183899, -1.5703858137130737
162, 29, -1.1891791820526123, -1.3531209230422974
163, 29, -0.9472669363021851, -1.1356381177902222
164, 29, -0.6963109970092773, -0.9006667137145996
165, 29, -0.4630308747291565, -0.5732133388519287
166, 29, -0.20222662389278412, -0.24670597910881042
167, 29, 0.08828487992286682, 0.08884544670581818
168, 29, 0.40474292635917664, 0.44366833567619324
169, 29, 0.7357472777366638, 0.8171084523200989
170, 29, 1.0672682523727417, 1.1914002895355225
171, 29, 1.3987892866134644, 1.5656936168670654
172, 29, 1.730310320854187, 1.9399869441986084
173, 29, 2.061831474304199, 2.3142802715301514
174, 29, 2.393352508544922, 2.6885735988616943
175, 29, 2.7248735427856445, 3.0628669261932373
176, 29, 3.056394577026367, 3.4371602535247803
177, 29, 3.38791561126709, 3.8114535808563232
182, 30, -4.854208946228027, 1.881358027458191
183, 30, -4.383904457092285, 1.643262505531311
184, 30, -3.849989891052246, 1.4231663942337036
185, 30, -3.316075325012207, 1.2030702829360962
186, 30, -2.786583423614502, 0.9809931516647339
187, 30, -2.2533674240112305, 0.7039381265640259
188, 30, -1.7290754318237305, 0.3050796687602997
189, 30, -1.2965775728225708, 0.02964014932513237
190, 30, -0.8650085926055908, -0.24507001042366028
191, 30, -0.4343387186527252, -0.5190927982330322
192, 30, 0.05158179625868797, -0.7304754257202148
193, 30, 0.5695043802261353, -0.908744215965271
194, 30, 1.0902849435806274, -1.0852450132369995
195, 30, 1.6144670248031616, -1.2596412897109985
196, 30, 2.1428017616271973, -1.4314684867858887
197, 30, 2.676224708557129, -1.5997874736785889
198, 30, 3.169497013092041, -1.6954683065414429
199, 30, 3.660841941833496, -1.7880760431289673
200, 30, 4.152190685272217, -1.8806837797164917
182, 31, -0.43975070118904114, 5.194969177246094
183, 31, -0.39462941884994507, 4.745038986206055
184, 31, -0.3729577958583832, 4.295496940612793
185, 31, -0.3505324423313141, 3.8462932109832764
186, 31, -0.2884742319583893, 3.414839029312134
187, 31, -0.17147290706634521, 3.013059139251709
188, 31, 0.040575623512268066, 2.6685287952423096
189, 31, 0.30350586771965027, 2.3324997425079346
190, 31, 0.5664528012275696, 1.9964789152145386
191, 31, 0.8293981552124023, 1.6604586839675903
192, 31, 1.0923407077789307, 1.3244454860687256
193, 31, 1.3533328771591187, 0.9872283339500427
194, 31, 1.5699172019958496, 0.6225419044494629
195, 31, 1.786378264427185, 0.2577783465385437
196, 31, 2.002840518951416, -0.10698553919792175
197, 31, 2.161943197250366, -0.5059575438499451
198, 31, 2.0108642578125, -0.9843316078186035
199, 31, 1.8573766946792603, -1.460191249847412
200, 31, 1.7038887739181519, -1.9360508918762207
201, 31, 1.5504008531570435, -2.4119105339050293
202, 31, 1.396912932395935, -2.887770175933838
203, 31, 1.2434250116348267, -3.3636298179626465
204, 31, 1.0899380445480347, -3.839489459991455
205, 31, 0.9364530444145203, -4.315349102020264
182, 32, 5.070034503936768, -3.0781431198120117
183, 32, 4.642645359039307, -2.818660259246826
184, 32, 4.215256214141846, -2.5591773986816406
185, 32, 3.7878611087799072, -2.299694538116455
186, 32, 3.3604321479797363, -2.0314698219299316
187, 32, 2.8799703121185303, -1.7144851684570312
188, 32, 2.2874209880828857, -1.2555562257766724
189, 32, 1.7193365097045898, -0.7658833265304565
190, 32, 1.1512565612792969, -0.27620434761047363
191, 32, 0.5831766128540039, 0.21347497403621674
192, 32, 0.0596306174993515, 0.6858652234077454
193, 32, -0.3163928985595703, 1.0987807512283325
194, 32, -0.7716304063796997, 1.3158848285675049
195, 32, -1.2313848733901978, 1.5124250650405884
196, 32, -1.6911393404006958, 1.7089629173278809
197, 32, -2.1508936882019043, 1.9055007696151733
198, 32, -2.6106481552124023, 2.1020398139953613
199, 32, -3.0704026222229004, 2.2985801696777344
200, 32, -3.5301570892333984, 2.4951205253601074
201, 32, -3.9899115562438965, 2.6916608810424805
202, 32, -4.449672698974609, 2.8882007598876953
182, 33, -3.450026750564575, -4.554356098175049
183, 33, -3.143380880355835, -4.164661884307861
184, 33, -2.8481252193450928, -3.8414294719696045
185, 33, -2.5482659339904785, -3.5286810398101807
186, 33, -2.2481541633605957, -3.2300424575805664
187, 33, -1.9621936082839966, -2.94580078125
188, 33, -1.7400261163711548, -2.660644292831421
189, 33, -1.5384272336959839, -2.4090452194213867
190, 33, -1.3376150131225586, -2.157000780105591
191, 33, -1.137595534324646, -1.9044904708862305
192, 33, -0.9383833408355713, -1.651506781578064
193, 33, -0.7397768497467041, -1.3976637125015259
194, 33, -0.5364201068878174, -1.1336561441421509
195, 33, -0.3338310718536377, -0.8679367899894714
196, 33, -0.11131566762924194, -0.5356501340866089
197, 33, 0.1694091111421585, -0.13233746588230133
198, 33, 0.45735618472099304, 0.2764244079589844
199, 33, 0.7453032732009888, 0.6851862668991089
200, 33, 1.0332506895065308, 1.0939489603042603
201, 33, 1.3212007284164429, 1.5027116537094116
202, 33, 1.609150767326355, 1.911474347114563
203, 33, 1.8970965147018433, 2.320232391357422
204, 33, 2.185044527053833, 2.7289891242980957
205, 33, 2.472994565963745, 3.137755870819092
206, 33, 2.7609446048736572, 3.5465240478515625
207, 33, 3.0488946437835693, 3.955292224884033
182, 34, -5.961617469787598, -1.2246685028076172
183, 34, -5.519958019256592, -1.1106458902359009
184, 34, -5.047110557556152, -0.9750014543533325
185, 34, -4.573371887207031, -0.8267800211906433
186, 34, -4.128920078277588, -0.6805030703544617
187, 34, -3.6889045238494873, -0.5370946526527405
188, 34, -3.1952242851257324, -0.414297878742218
189, 34, -2.6886579990386963, -0.3418227732181549
190, 34, -2.1820900440216064, -0.269355833530426
191, 34, -1.6755248308181763, -0.1968872994184494
192, 34, -1.168962836265564, -0.12441711872816086
193, 34, -0.6636795997619629, -0.05021697282791138
194, 34, -0.1727648377418518, 0.044665995985269547
195, 34, 0.3181494474411011, 0.13954927027225494
196, 34, 0.8090627789497375, 0.2344324141740799
197, 34, 1.2999764680862427, 0.3293159008026123
198, 34, 1.790892243385315, 0.42419904470443726
199, 34, 2.2818078994750977, 0.5190818905830383
200, 34, 2.77272367477417, 0.6139635443687439
201, 34, 3.263639450073242, 0.7088451981544495
202, 34, 3.7545552253723145, 0.8037283420562744
203, 34, 4.24546480178833, 0.8986108303070068
204, 34, 4.736368656158447, 0.9934924840927124
205, 34, 5.2272725105285645, 1.0883762836456299
212, 35, 5.898743152618408, 1.0322214365005493
213, 35, 5.393340110778809, 0.9569267630577087
214, 35, 4.8839545249938965, 0.8791748285293579
215, 35, 4.371807098388672, 0.8142589330673218
216, 35, 3.8863086700439453, 0.7662690281867981
217, 35, 3.447951316833496, 0.7510781288146973
218, 35, 2.9945030212402344, 0.7095687985420227
219, 35, 2.521958589553833, 0.6356775760650635
220, 35, 2.052316188812256, 0.5671173334121704
221, 35, 1.582673192024231, 0.4985571503639221
222, 35, 1.1130303144454956, 0.42999839782714844
223, 35, 0.6433874368667603, 0.3614392578601837
224, 35, 0.16589763760566711, 0.29385435581207275
225, 35, -0.31828802824020386, 0.22371485829353333
226, 35, -0.8066045045852661, 0.11625662446022034
227, 35, -1.2949215173721313, 0.008798463270068169
228, 35, -1.7832385301589966, -0.09865973144769669
229, 35, -2.2715554237365723, -0.20611795783042908
230, 35, -2.7598724365234375, -0.31357619166374207
231, 35, -3.2481894493103027, -0.42103442549705505
232, 35, -3.736506462097168, -0.5284926295280457
233, 35, -4.224817752838135, -0.6359508633613586
234, 35, -4.713122844696045, -0.7434090971946716
235, 35, -5.201427936553955, -0.8508656024932861
212, 36, 2.573662042617798, -5.29749059677124
213, 36, 2.384181261062622, -4.918230056762695
214, 36, 2.1912033557891846, -4.54144811630249
215, 36, 2.005293369293213, -4.176454544067383
216, 36, 1.8283435106277466, -3.8223187923431396
217, 36, 1.6657483577728271, -3.4817793369293213
218, 36, 1.5593907833099365, -3.1634206771850586
219, 36, 1.5451487302780151, -2.87866473197937
220, 36, 1.5288110971450806, -2.593611478805542
221, 36, 1.512473464012146, -2.308558225631714
222, 36, 1.496134638786316, -2.0235042572021484
223, 36, 1.4768987894058228, -1.7352293729782104
224, 36, 1.4374440908432007, -1.424487590789795
225, 36, 1.3380502462387085, -1.0471421480178833
226, 36, 1.180921196937561, -0.6056427955627441
227, 36, 0.9667203426361084, -0.14383985102176666
228, 36, 0.6972358226776123, 0.27732357382774353
229, 36, 0.42775171995162964, 0.6984869837760925
230, 36, 0.15826842188835144, 1.1196495294570923
231, 36, -0.11121509969234467, 1.5408117771148682
232, 36, -0.3806985020637512, 1.96197509765625
233, 36, -0.6501823663711548, 2.383141040802002
234, 36, -0.9196668863296509, 2.804307460784912
235, 36, -1.189151406288147, 3.2254738807678223
236, 36, -1.458635926246643, 3.6466403007507324
237, 36, -1.7281204462051392, 4.067806720733643
238, 36, -1.9976049661636353, 4.488973140716553
212, 37, 4.4816203117370605, -4.227734088897705
213, 37, 4.196997165679932, -3.875765323638916
214, 37, 3.91593074798584, -3.5214176177978516
215, 37, 3.6389079093933105, -3.165867328643799
216, 37, 3.374831199645996, -2.816549777984619
217, 37, 3.1229350566864014, -2.4733645915985107
218, 37, 2.8663158416748047, -2.136899948120117
219, 37, 2.599015474319458, -1.8162215948104858
220, 37, 2.3318674564361572, -1.495566487312317
221, 37, 2.0647194385528564, -1.174911379814148
222, 37, 1.7975687980651855, -0.8542576432228088
223, 37, 1.5289855003356934, -0.536357581615448
224, 37, 1.2402632236480713, -0.24079567193984985
225, 37, 0.8770180940628052, 0.060791969299316406
226, 37, 0.4865272641181946, 0.37307003140449524
227, 37, 0.0960375964641571, 0.6853477358818054
228, 37, -0.2944522500038147, 0.9976254105567932
229, 37, -0.684942364692688, 1.309906005859375
230, 37, -1.0754326581954956, 1.6221866607666016
231, 37, -1.4659205675125122, 1.9344673156738281
232, 37, -1.8564084768295288, 2.2467472553253174
233, 37, -2.2469000816345215, 2.559027910232544
234, 37, -2.6373939514160156, 2.8713085651397705
235, 37, -3.0278878211975098, 3.183589220046997
236, 37, -3.418381690979004, 3.4958698749542236
237, 37, -3.808875560760498, 3.80815052986145
212, 38, -5.921214580535889, 0.7282530069351196
213, 38, -5.424946308135986, 0.6672178506851196
214, 38, -4.928678035736084, 0.6061826944351196
215, 38, -4.432409763336182, 0.5451475381851196
216, 38, -3.962614059448242, 0.4665529429912567
217, 38, -3.533273935317993, 0.36273467540740967
218, 38, -3.125720739364624, 0.24905776977539062
219, 38, -2.731060743331909, 0.07907649874687195
220, 38, -2.332043409347534, -0.09740392118692398
221, 38, -1.9330250024795532, -0.2738843560218811
222, 38, -1.534002423286438, -0.45036476850509644
223, 38, -1.1349824666976929, -0.6268451809883118
224, 38, -0.7359611988067627, -0.8033255934715271
225, 38, -0.3402240574359894, -0.976158082485199
226, 38, 0.006753850728273392, -1.0948107242584229
227, 38, 0.3799196779727936, -1.1909254789352417
228, 38, 0.8782936334609985, -1.1584819555282593
229, 38, 1.3771733045578003, -1.1250616312026978
230, 38, 1.8760522603988647, -1.0916413068771362
231, 38, 2.3749313354492188, -1.0582209825515747
232, 38, 2.873810291290283, -1.0248006582260132
233, 38, 3.3726892471313477, -0.9913803339004517
234, 38, 3.871568202972412, -0.9579600095748901
235, 38, 4.370456218719482, -0.9245396852493286
236, 38, 4.869347095489502, -0.891117513179779
237, 38, 5.3682379722595215, -0.8576951026916504
212, 39, 0.20584751665592194, -5.505159378051758
213, 39, 0.18683592975139618, -5.00505256652832
214, 39, 0.16783407330513, -4.504931449890137
215, 39, 0.14614111185073853, -4.003522872924805
216, 39, 0.10154218971729279, -3.4446821212768555
217, 39, 0.0350542850792408, -2.808262348175049
218, 39, -0.043177030980587006, -2.1922781467437744
219, 39, -0.14669552445411682, -1.6195636987686157
220, 39, -0.2503048777580261, -1.0467153787612915
221, 39, -0.35391536355018616, -0.4738689661026001
222, 39, -0.4575261175632477, 0.09897719323635101
223, 39, -0.5609199404716492, 0.6722033023834229
224, 39, -0.6094039678573608, 1.222809910774231
225, 39, -0.5691916942596436, 1.7211881875991821
226, 39, -0.5289794206619263, 2.219566583633423
227, 39, -0.488767147064209, 2.717944860458374
228, 39, -0.4485548734664917, 3.216323137283325
229, 39, -0.4083425998687744, 3.7147014141082764
230, 39, -0.36813032627105713, 4.213084697723389
231, 39, -0.32791805267333984, 4.711474895477295
243, 40, -5.4661478996276855, -1.360185980796814
244, 40, -5.036631107330322, -1.2781912088394165
245, 40, -4.6443281173706055, -1.2209125757217407
246, 40, -4.25587797164917, -1.1735506057739258
247, 40, -3.870063543319702, -1.135018229484558
248, 40, -3.487318992614746, -1.0743749141693115
249, 40, -3.1094133853912354, -0.9563180208206177
250, 40, -2.758070230484009, -0.7562204599380493
251, 40, -2.406724691390991, -0.5561217069625854
252, 40, -2.0553791522979736, -0.35602402687072754
253, 40, -1.6964932680130005, -0.15306951105594635
254, 40, -1.2571574449539185, 0.0803489238023758
255, 40, -0.8194023370742798, 0.31316855549812317
256, 40, -0.37249577045440674, 0.5406491756439209
257, 40, 0.1716517210006714, 0.7272282838821411
258, 40, 0.7203191518783569, 0.9119285345077515
259, 40, 1.2742133140563965, 1.0944561958312988
260, 40, 1.8210850954055786, 1.222475290298462
261, 40, 2.3201546669006348, 1.2529988288879395
262, 40, 2.8192243576049805, 1.283522367477417
263, 40, 3.318294048309326, 1.3140459060668945
264, 40, 3.817363739013672, 1.344571828842163
265, 40, 4.316425800323486, 1.3750979900360107
266, 40, 4.815483570098877, 1.4056240320205688
243, 41, -5.210948944091797, 2.640190839767456
244, 41, -4.807680606842041, 2.4507157802581787
245, 41, -4.403517246246338, 2.262004852294922
246, 41, -3.989621162414551, 2.081066131591797
247, 41, -3.5700764656066895, 1.907382845878601
248, 41, -3.1230294704437256, 1.7415566444396973
249, 41, -2.667651414871216, 1.6165049076080322
250, 41, -2.21724796295166, 1.5253716707229614
251, 41, -1.7298171520233154, 1.4152933359146118
252, 41, -1.1914366483688354, 1.2547883987426758
253, 41, -0.6512705683708191, 1.0922234058380127
254, 41, -0.10917612910270691, 0.9274346232414246
255, 41, 0.4349943995475769, 0.7602506279945374
256, 41, 0.9740356206893921, 0.5841196179389954
257, 41, 1.486606478691101, 0.3809218108654022
258, 41, 1.9962190389633179, 0.16973386704921722
259, 41, 2.3847949504852295, -0.14749418199062347
260, 41, 2.769078016281128, -0.4673818349838257
261, 41, 3.1533610820770264, -0.7872682213783264
262, 41, 3.537644147872925, -1.1071557998657227
263, 41, 3.9219272136688232, -1.427042007446289
264, 41, 4.306210041046143, -1.7469282150268555
265, 41, 4.690493106842041, -2.0668179988861084
243, 42, -0.9705787897109985, -5.657690525054932
244, 42, -0.8845158219337463, -5.1652069091796875
245, 42, -0.7960322499275208, -4.669904708862305
246, 42, -0.7116476893424988, -4.177018642425537
247, 42, -0.6079443693161011, -3.721186399459839
248, 42, -0.4234146177768707, -3.390702486038208
249, 42, -0.1837400645017624, -3.1341962814331055
250, 42, 0.009868906810879707, -2.88488507270813
251, 42, 0.2030647099018097, -2.6461923122406006
252, 42, 0.396232932806015, -2.408500909805298
253, 42, 0.5894018411636353, -2.170809507369995
254, 42, 0.7825706005096436, -1.9331181049346924
255, 42, 0.9757387042045593, -1.6954267024993896
256, 42, 1.066515564918518, -1.357077717781067
257, 42, 1.0349115133285522, -0.9311660528182983
258, 42, 1.003899097442627, -0.5055004358291626
259, 42, 0.9771607518196106, -0.08161132782697678
260, 42, 0.9662600159645081, 0.3793025612831116
261, 42, 0.9738238453865051, 0.8792454600334167
262, 42, 0.9813876748085022, 1.3791861534118652
263, 42, 0.9889515042304993, 1.8791260719299316
264, 42, 0.9965153336524963, 2.379065990447998
265, 42, 1.0040792226791382, 2.8790059089660645
266, 42, 1.0116430521011353, 3.378945827484131
267, 42, 1.0192068815231323, 3.8788857460021973
268, 42, 1.0267707109451294, 4.378825664520264
269, 42, 1.0343345403671265, 4.87876558303833
243, 43, 5.657477855682373, -0.22524355351924896
244, 43, 5.157871723175049, -0.20535273849964142
245, 43, 4.658265590667725, -0.18546192348003387
246, 43, 4.1586594581604, -0.16557110846042633
247, 43, 3.63924503326416, -0.10889595001935959
248, 43, 3.1541996002197266, -0.033601321280002594
249, 43, 2.68459415435791, -0.045494429767131805
250, 43, 2.2894272804260254, -0.12807230651378632
251, 43, 1.8942523002624512, -0.2106522023677826
252, 43, 1.499072790145874, -0.2932341396808624
253, 43, 1.1038869619369507, -0.37581849098205566
254, 43, 0.7086962461471558, -0.45840519666671753
255, 43, 0.30063703656196594, -0.5458645820617676
256, 43, -0.13758444786071777, -0.6363005042076111
257, 43, -0.6314980983734131, -0.5681756138801575
258, 43, -1.1261547803878784, -0.495270311832428
259, 43, -1.6208137273788452, -0.4223663806915283
260, 43, -2.1154725551605225, -0.34946155548095703
261, 43, -2.6101315021514893, -0.27655649185180664
262, 43, -3.104790449142456, -0.20365172624588013
263, 43, -3.599449396133423, -0.13074705004692078
264, 43, -4.094106197357178, -0.05784226953983307
265, 43, -4.5887532234191895, 0.01506237592548132
266, 43, -5.083400249481201, 0.08796656131744385
243, 44, -2.802431106567383, 4.420268535614014
244, 44, -2.5334999561309814, 3.997305154800415
245, 44, -2.2637808322906494, 3.574709177017212
246, 44, -1.9891796112060547, 3.1514031887054443
247, 44, -1.7139438390731812, 2.726942777633667
248, 44, -1.4673988819122314, 2.2019615173339844
249, 44, -1.2527797222137451, 1.6298707723617554
250, 44, -1.0812212228775024, 1.0828300714492798
251, 44, -0.9096834063529968, 0.5358003377914429
252, 44, -0.7381442189216614, -0.011235440149903297
253, 44, -0.5666062831878662, -0.5582791566848755
254, 44, -0.3950681984424591, -1.1053282022476196
255, 44, -0.22280025482177734, -1.6258842945098877
256, 44, 0.040437519550323486, -1.9858691692352295
257, 44, 0.4044523537158966, -2.328643560409546
258, 44, 0.7684668898582458, -2.6714179515838623
259, 44, 1.1324825286865234, -3.0141923427581787
260, 44, 1.496500015258789, -3.356966733932495
261, 44, 1.8605175018310547, -3.6997411251068115
262, 44, 2.2245349884033203, -4.042515277862549
274, 45, 0.6079840660095215, 5.570088863372803
275, 45, 0.5419651865959167, 5.127289772033691
276, 45, 0.4983963370323181, 4.7167229652404785
277, 45, 0.45014190673828125, 4.3080973625183105
278, 45, 0.4018874764442444, 3.8994686603546143
279, 45, 0.3805200159549713, 3.488755464553833
280, 45, 0.3110123872756958, 3.11901593208313
281, 45, 0.22749435901641846, 2.755747079849243
282, 45, 0.1439763307571411, 2.3924763202667236
283, 45, 0.060583584010601044, 2.0271530151367188
284, 45, -0.02275867946445942, 1.661007285118103
285, 45, -0.1061011552810669, 1.294861912727356
286, 45, -0.18944400548934937, 0.9287165403366089
287, 45, -0.27182522416114807, 0.5583249926567078
288, 45, -0.30395254492759705, 0.05922635644674301
289, 45, -0.335380494594574, -0.43978506326675415
290, 45, -0.36680853366851807, -0.9387953281402588
291, 45, -0.39823657274246216, -1.437805414199829
292, 45, -0.42966461181640625, -1.9368155002593994
293, 45, -0.46109265089035034, -2.4358255863189697
294, 45, -0.49252068996429443, -2.93483567237854
295, 45, -0.5239498615264893, -3.4338457584381104
296, 45, -0.5553793907165527, -3.9328558444976807
297, 45, -0.586807906627655, -4.43186616897583
298, 45, -0.6182358860969543, -4.9308762550354
274, 46, 4.726255416870117, 2.514836072921753
275, 46, 4.289431571960449, 2.2547354698181152
276, 46, 3.8296191692352295, 2.0178799629211426
277, 46, 3.332409143447876, 1.797593116760254
278, 46, 2.8269944190979004, 1.5807496309280396
279, 46, 2.09736704826355, 1.4678618907928467
280, 46, 1.3523459434509277, 1.381604790687561
281, 46, 0.6073073744773865, 1.2955178022384644
282, 46, -0.13772892951965332, 1.2094296216964722
283, 46, -0.6896302700042725, 1.0892945528030396
284, 46, -1.0805389881134033, 0.7959431409835815
285, 46, -1.477832555770874, 0.4716055691242218
286, 46, -1.8753652572631836, 0.14621803164482117
287, 46, -2.2731850147247314, -0.18042658269405365
288, 46, -2.659780979156494, -0.5110880732536316
289, 46, -3.031594753265381, -0.8453866839408875
290, 46, -3.4034085273742676, -1.1796852350234985
291, 46, -3.7752223014831543, -1.5139838457107544
292, 46, -4.147036075592041, -1.8482824563980103
274, 47, 1.6290702819824219, -5.610052585601807
275, 47, 1.4695236682891846, -5.209381103515625
276, 47, 1.3129101991653442, -4.801424980163574
277, 47, 1.1161984205245972, -4.360998630523682
278, 47, 0.9305245280265808, -3.9337379932403564
279, 47, 0.7739706635475159, -3.540039300918579
280, 47, 0.5223488807678223, -3.2019543647766113
281, 47, 0.27419835329055786, -2.867258071899414
282, 47, 0.03006257303059101, -2.5360052585601807
283, 47, -0.21075734496116638, -2.207594633102417
284, 47, -0.45503443479537964, -1.863124132156372
285, 47, -0.6997115015983582, -1.5168867111206055
286, 47, -0.9443885684013367, -1.1706492900848389
287, 47, -1.1890655755996704, -0.8244125247001648
288, 47, -1.4229449033737183, -0.433503121137619
289, 47, -1.5262486934661865, -0.04939767345786095
290, 47, -1.5359797477722168, 0.3372681736946106
291, 47, -1.546461582183838, 0.7238402366638184
292, 47, -1.5577327013015747, 1.1103136539459229
293, 47, -1.569837212562561, 1.496683120727539
294, 47, -1.5828258991241455, 1.8829420804977417
295, 47, -1.5945841073989868, 2.2932980060577393
296, 47, -1.6213129758834839, 2.786052942276001
297, 47, -1.6506503820419312, 3.285194158554077
298, 47, -1.6799877882003784, 3.7843353748321533
299, 47, -1.7093250751495361, 4.2834696769714355
300, 47, -1.7386646270751953, 4.782598972320557
274, 48, -5.075328826904297, 2.2846500873565674
275, 48, -4.619400978088379, 2.0794074535369873
276, 48, -4.160796642303467, 1.8480793237686157
277, 48, -3.694544553756714, 1.6161161661148071
278, 48, -3.227586507797241, 1.384395956993103
279, 48, -2.7692317962646484, 1.0801424980163574
280, 48, -2.2821953296661377, 0.7843566536903381
281, 48, -1.7945246696472168, 0.48795467615127563
282, 48, -1.3068573474884033, 0.19155418872833252
283, 48, -0.820664644241333, -0.10353676974773407
284, 48, -0.4016285836696625, -0.3276022970676422
285, 48, 0.012660432606935501, -0.5463159680366516
286, 48, 0.44968438148498535, -0.741941511631012
287, 48, 0.9225220680236816, -0.904498279094696
288, 48, 1.395359754562378, -1.0670537948608398
289, 48, 1.8681974411010742, -1.2296075820922852
290, 48, 2.341034412384033, -1.3921613693237305
291, 48, 2.813866138458252, -1.5547151565551758
292, 48, 3.2866978645324707, -1.717268943786621
293, 48, 3.7595295906066895, -1.8798227310180664
294, 48, 4.232361316680908, -2.0423765182495117
274, 49, 3.3306527137756348, -4.497482776641846
275, 49, 3.033886671066284, -4.092067718505859
276, 49, 2.7525570392608643, -3.688563585281372
277, 49, 2.5132033824920654, -3.289830446243286
278, 49, 2.2680470943450928, -2.8855443000793457
279, 49, 1.9749045372009277, -2.4662437438964844
280, 49, 1.829297423362732, -2.044678211212158
281, 49, 1.6989521980285645, -1.6428472995758057
282, 49, 1.5686922073364258, -1.242441177368164
283, 49, 1.4384424686431885, -0.8422014117240906
284, 49, 1.3085222244262695, -0.4473176598548889
285, 49, 1.1786019802093506, -0.05243388190865517
286, 49, 1.0495296716690063, 0.32860174775123596
287, 49, 0.9211757779121399, 0.6879740357398987
288, 49, 0.5981506705284119, 1.0371830463409424
289, 49, 0.22974488139152527, 1.379332423210144
290, 49, -0.14035744965076447, 1.7209722995758057
291, 49, -0.5107171535491943, 2.0625803470611572
292, 49, -0.8813795447349548, 2.4041500091552734
293, 49, -1.2524054050445557, 2.7456743717193604
294, 49, -1.6238794326782227, 3.0871427059173584
295, 49, -1.9952888488769531, 3.424476146697998
296, 49, -2.3664469718933105, 3.7595019340515137
297, 49, -2.737605094909668, 4.094527721405029
