17.1 0.845694 0.0027716 0.205767
14.201 0.845694 0.000834532 0.34377
-1 0 0 0
-1 0 0 0
15.602 0.0289251 0.00131884 0.225649
-1 0 0 0
15.601 0.0289251 0.00151799 0.184471
12.501 0.0289251 0.000942623 0.131056
12.8 0.0289251 0.002 0.080933
-1 0 0 0
-1 0 0 0
15.802 0.0289251 0.00243836 0.220221
15.2 0.0289251 0.00135762 0.146943
13.002 0.0289251 0.000976378 0.0409352
12.6 0.0289251 0.00101626 0.0515531
-1 0 0 0
-1 0 0 0
-1 0 0 0
-1 0 0 0
-1 0 0 0
14.201 0.0289251 0.00189474 0.0385163
15.9 0.0289251 0.00297297 0.122869
-1 0 0 0
14.802 0.0289251 0.00183594 0.0555571
-1 0 0 0
-1 0 0 0
12.502 0.0289251 0.00141129 0.0779415
13.2 0.0289251 0.00333607 0.0273384
-1 0 0 0
-1 0 0 0
-1 0 0 0
16.202 0.0289251 0.00182639 0.254252
12.4 0.0289251 0.00122131 0.114502
12.6 0.0289251 0.00074359 0.0389794
11.8 0.0289251 0.000765306 0.140543
12.5 0.0289251 0.00127869 0.0441798
-1 0 0 0
-1 0 0 0
-1 0 0 0
15.401 0.0289251 0.00151429 0.204833
-1 0 0 0
17.001 0.0289251 0.00203356 0.0394704
-1 0 0 0
11.238 0.0289251 0.00217273 0.194609
12.6 0.0289251 0.000991936 0.0344232
-1 0 0 0
-1 0 0 0
15.302 0.0289251 0.00171233 0.206189
14.8 0.0289251 0.00224427 0.186007
12.4 0.0289251 0.00237607 0.0510066
17.2 0.0289251 0.00392357 0.2042
14.701 0.0289251 0.00233065 0.113793
11.2 0.0289251 0.00191346 0.145181
11.147 0.0289251 0.00106931 0.197687
12.476 0.0289251 0.00087 0.151403
12.7 0.0289251 0.000966667 0.1167
12.2 0.0289251 0.000966667 0.0395155
14 0.0289251 0.00165116 0.039137
11.8 0.0289251 0.00183178 0.122184
12.9 0.0289251 0.000968504 0.0393909
14.2 0.0289251 0.00159399 0.0720512
14.4 0.0289251 0.00195556 0.134021
13.6 0.0289251 0.00112605 0.11412
-1 0 0 0
11.402 0.0289251 0.000910714 0.0916303
-1 0 0 0
13.701 0.0289251 0.00188235 0.0949289
16.1 0.0289251 0.00369677 0.104079
12.901 0.0289251 0.00296667 0.021142
-1 0 0 0
-1 0 0 0
12.901 0.0289251 0.00142373 0.0518634
13 0.0289251 0.00104878 0.035713
-1 0 0 0
15.201 0.0289251 0.00260145 0.0364991
14.1 0.0289251 0.0022377 0.121801
-1 0 0 0
-1 0 0 0
13.501 0.0289251 0.000828358 0.117939
13.2 0.0289251 0.001672 0.201883
-1 0 0 0
15.001 0.0289251 0.00148921 0.0847918
-1 0 0 0
-1 0 0 0
15.401 0.0289251 0.00117021 0.0167661
12.663 0.0289251 0.00145161 0.140878
14.4 0.0289251 0.00178873 0.0416739
13.5 0.0289251 0.000674242 0.0832407
-1 0 0 0
17.001 0.0289251 0.00213077 0.18138
16.6 0.0289251 0.00223333 0.231282
17 0.0289251 0.0042284 0.11595
13 0.0289251 0.00147458 0.0335763
12.301 0.0289251 0.00117355 0.114597
13.2 0.0289251 0.00263303 0.128067
-1 0 0 0
14.702 0.0289251 0.00145113 0.125131
14.4 0.0289251 0.00413178 0.17208
-1 0 0 0
12.705 0.0289251 0.002725 0.182262