0, 0, 0.5112066268920898, -8.76995849609375
1, 0, 0.5177154541015625, -8.520048141479492
2, 0, 0.5242242813110352, -8.270137786865234
3, 0, 0.5307325124740601, -8.020227432250977
4, 0, 0.5372404456138611, -7.770317077636719
5, 0, 0.5437483787536621, -7.520406723022461
6, 0, 0.5520943403244019, -7.272914886474609
7, 0, 0.5649916529655457, -7.031735420227051
8, 0, 0.581878662109375, -6.796840190887451
9, 0, 0.6040909290313721, -6.566537380218506
10, 0, 0.6240415573120117, -6.345180034637451
11, 0, 0.6232916116714478, -6.127143383026123
12, 0, 0.6129293441772461, -5.905871868133545
13, 0, 0.607495903968811, -5.6875224113464355
14, 0, 0.6077367067337036, -5.472536087036133
15, 0, 0.6133774518966675, -5.260750770568848
16, 0, 0.6186428666114807, -5.048741817474365
17, 0, 0.6274033784866333, -4.8388261795043945
18, 0, 0.6134903430938721, -4.625586986541748
19, 0, 0.5539458990097046, -4.393359661102295
20, 0, 0.49421602487564087, -4.162327289581299
21, 0, 0.4336943030357361, -3.9346365928649902
22, 0, 0.3718503415584564, -3.710759162902832
23, 0, 0.3087536096572876, -3.4899983406066895
24, 0, 0.24448738992214203, -3.271812677383423
25, 0, 0.17916016280651093, -3.05574369430542
26, 0, 0.11297941952943802, -2.841315507888794
27, 0, 0.046189162880182266, -2.6281018257141113
28, 0, -0.02102062851190567, -2.4157955646514893
29, 0, -0.08849843591451645, -2.2041618824005127
30, 0, -0.15664620697498322, -1.9852946996688843
31, 0, -0.22535885870456696, -1.757846713066101
32, 0, -0.29366838932037354, -1.5302298069000244
33, 0, -0.3615227937698364, -1.3024274110794067
34, 0, -0.40239861607551575, -1.073111891746521
35, 0, -0.389642596244812, -0.8505471348762512
36, 0, -0.3620995879173279, -0.6075692176818848
37, 0, -0.3302587866783142, -0.35960495471954346
38, 0, -0.29841798543930054, -0.11164088547229767
39, 0, -0.26657718420028687, 0.13632316887378693
40, 0, -0.2347363829612732, 0.3842872679233551
41, 0, -0.20289558172225952, 0.632251501083374
42, 0, -0.171054869890213, 0.8802157640457153
43, 0, -0.13921424746513367, 1.1281800270080566
44, 0, -0.10737361013889313, 1.376144289970398
45, 0, -0.07553299516439438, 1.6241085529327393
46, 0, -0.04369238018989563, 1.8720728158950806
47, 0, -0.011851765215396881, 2.1200356483459473
48, 0, 0.01998884230852127, 2.36799693107605
49, 0, 0.05182945728302002, 2.6159582138061523
50, 0, 0.08367007225751877, 2.863919496536255
51, 0, 0.11551068723201752, 3.1118807792663574
52, 0, 0.14735117554664612, 3.35984206199646
53, 0, 0.17919160425662994, 3.6078033447265625
54, 0, 0.21103203296661377, 3.855764627456665
55, 0, 0.2428724616765976, 4.103728294372559
56, 0, 0.2747131884098053, 4.351695537567139
57, 0, 0.30655398964881897, 4.599662780761719
58, 0, 0.33839479088783264, 4.847630023956299
59, 0, 0.3702355921268463, 5.095597267150879
60, 0, 0.40207639336586, 5.343564510345459
61, 0, 0.43391719460487366, 5.591531753540039
62, 0, 0.46575799584388733, 5.839498996734619
63, 0, 0.497598797082901, 6.087466239929199
64, 0, 0.5294395685195923, 6.335433483123779
65, 0, 0.561280369758606, 6.583400726318359
66, 0, 0.5931211709976196, 6.8313679695129395
67, 0, 0.6249619722366333, 7.0793352127075195
68, 0, 0.656802773475647, 7.3273024559021
69, 0, 0.6886435747146606, 7.57526969909668
70, 0, 0.7204843759536743, 7.82323694229126
71, 0, 0.752325177192688, 8.071200370788574
72, 0, 0.7841659784317017, 8.3191556930542
73, 0, 0.8160067796707153, 8.567111015319824
74, 0, 0.847847580909729, 8.81506633758545
75, 0, 0.8795276880264282, 9.061781883239746
76, 0, 0.9062938690185547, 9.270234107971191
77, 0, 0.92711341381073, 9.432371139526367
0, 1, -7.8465447425842285, -2.9759721755981445
1, 1, -7.611690521240234, -2.917357921600342
2, 1, -7.37683629989624, -2.858739137649536
3, 1, -7.141982078552246, -2.8001155853271484
4, 1, -6.902817249298096, -2.7398643493652344
5, 1, -6.664013385772705, -2.6742188930511475
6, 1, -6.4287614822387695, -2.6025967597961426
7, 1, -6.195539474487305, -2.5248334407806396
8, 1, -5.96207332611084, -2.4408466815948486
9, 1, -5.718897819519043, -2.352778196334839
10, 1, -5.471717357635498, -2.264920949935913
11, 1, -5.220584869384766, -2.178738594055176
12, 1, -4.96685266494751, -2.0936577320098877
13, 1, -4.719067096710205, -2.0060582160949707
14, 1, -4.478209972381592, -1.9155222177505493
15, 1, -4.243936061859131, -1.8221964836120605
16, 1, -4.0208420753479, -1.7222861051559448
17, 1, -3.7956643104553223, -1.6171119213104248
18, 1, -3.5654549598693848, -1.5105396509170532
19, 1, -3.3211474418640137, -1.4096335172653198
20, 1, -3.076789140701294, -1.3087466955184937
21, 1, -2.833418846130371, -1.2074427604675293
22, 1, -2.5915658473968506, -1.105495572090149
23, 1, -2.3511157035827637, -1.0029537677764893
24, 1, -2.111950397491455, -0.8998669981956482
25, 1, -1.8736940622329712, -0.7963948845863342
26, 1, -1.6350719928741455, -0.6930779218673706
27, 1, -1.3960559368133545, -0.5899279117584229
28, 1, -1.1567680835723877, -0.48689335584640503
29, 1, -0.918064296245575, -0.38453009724617004
30, 1, -0.6985713839530945, -0.2983265519142151
31, 1, -0.487356573343277, -0.21908317506313324
32, 1, -0.2767097055912018, -0.14031730592250824
33, 1, -0.06666156649589539, -0.06205480918288231
34, 1, 0.14275573194026947, 0.01567726396024227
35, 1, 0.35179832577705383, 0.09309432655572891
36, 1, 0.5598384737968445, 0.16966858506202698
37, 1, 0.7671310901641846, 0.24561439454555511
38, 1, 0.9736316204071045, 0.3208940327167511
39, 1, 1.1792912483215332, 0.39546677470207214
40, 1, 1.3840571641921997, 0.4692884683609009
41, 1, 1.618800401687622, 0.5101471543312073
42, 1, 1.8680670261383057, 0.529281735420227
43, 1, 2.1173336505889893, 0.5484163165092468
44, 1, 2.366600275039673, 0.5675508975982666
45, 1, 2.6158668994903564, 0.5866854786872864
46, 1, 2.86513352394104, 0.6058200597763062
47, 1, 3.1144001483917236, 0.6249546408653259
48, 1, 3.3636667728424072, 0.6440892219543457
49, 1, 3.612933397293091, 0.6632238030433655
50, 1, 3.8622000217437744, 0.6823583841323853
51, 1, 4.111466407775879, 0.701492965221405
52, 1, 4.3607330322265625, 0.7206275463104248
53, 1, 4.609999656677246, 0.7397621273994446
54, 1, 4.85926628112793, 0.7588968276977539
55, 1, 5.108532905578613, 0.7780321836471558
56, 1, 5.357799530029297, 0.7971675395965576
57, 1, 5.6070661544799805, 0.8163028359413147
58, 1, 5.856332778930664, 0.8354381322860718
59, 1, 6.105599403381348, 0.8545734882354736
60, 1, 6.354866027832031, 0.8737088441848755
61, 1, 6.604132652282715, 0.8928441405296326
62, 1, 6.853399276733398, 0.9119794368743896
63, 1, 7.098293781280518, 0.9307792782783508
64, 1, 7.298633575439453, 0.9461585879325867
65, 1, 7.454462051391602, 0.9581208229064941
0, 2, 7.831930637359619, 6.838492393493652
1, 2, 7.655190944671631, 6.661681175231934
2, 2, 7.478451251983643, 6.484869956970215
3, 2, 7.301711559295654, 6.308058738708496
4, 2, 7.124971866607666, 6.131247520446777
5, 2, 6.948232173919678, 5.954436302185059
6, 2, 6.7714924812316895, 5.77762508392334
7, 2, 6.594752788543701, 5.600813865661621
8, 2, 6.418013095855713, 5.424002647399902
9, 2, 6.241273403167725, 5.247191429138184
10, 2, 6.064533710479736, 5.070380210876465
11, 2, 5.887794017791748, 4.893568992614746
12, 2, 5.71105432510376, 4.716757774353027
13, 2, 5.540154933929443, 4.539249420166016
14, 2, 5.371533393859863, 4.361518859863281
15, 2, 5.202918529510498, 4.183845043182373
16, 2, 5.034308910369873, 4.006230354309082
17, 2, 4.86570930480957, 3.828674793243408
18, 2, 4.697854995727539, 3.6510910987854004
19, 2, 4.536947250366211, 3.472764253616333
20, 2, 4.376315116882324, 3.294530153274536
21, 2, 4.2156982421875, 3.1164231300354004
22, 2, 4.0938897132873535, 2.94783878326416
23, 2, 4.0191473960876465, 2.7852346897125244
24, 2, 3.933961868286133, 2.6154937744140625
25, 2, 3.8433547019958496, 2.4424448013305664
26, 2, 3.754403829574585, 2.270402193069458
27, 2, 3.667647123336792, 2.0996882915496826
28, 2, 3.582408905029297, 1.929893970489502
29, 2, 3.498013496398926, 1.760610818862915
30, 2, 3.4123804569244385, 1.590272068977356
31, 2, 3.326528549194336, 1.4197494983673096
32, 2, 3.240666389465332, 1.2492185831069946
33, 2, 3.1492905616760254, 1.0740519762039185
34, 2, 3.0064525604248047, 0.8556168079376221
35, 2, 2.86358904838562, 0.6371606588363647
36, 2, 2.720705270767212, 0.41868719458580017
37, 2, 2.577805757522583, 0.20020058751106262
38, 2, 2.4348957538604736, -0.018294408917427063
39, 2, 2.2919816970825195, -0.23679248988628387
40, 2, 2.1490726470947266, -0.4552875757217407
41, 2, 1.9735267162322998, -0.6406883001327515
42, 2, 1.7802199125289917, -0.7992217540740967
43, 2, 1.5869131088256836, -0.9577552080154419
44, 2, 1.3936063051223755, -1.116288661956787
45, 2, 1.2002995014190674, -1.2748221158981323
46, 2, 1.0069926977157593, -1.4333555698394775
47, 2, 0.8136858940124512, -1.5918890237808228
48, 2, 0.6203790903091431, -1.750422477722168
49, 2, 0.42707258462905884, -1.9089559316635132
50, 2, 0.23376652598381042, -2.067488193511963
51, 2, 0.040460456162691116, -2.2260186672210693
52, 2, -0.15284563601016998, -2.384549140930176
53, 2, -0.3461517095565796, -2.5430796146392822
54, 2, -0.5394576191902161, -2.7016100883483887
55, 2, -0.7327629327774048, -2.860140562057495
56, 2, -0.9260682463645935, -3.0186710357666016
57, 2, -1.1193745136260986, -3.177201509475708
58, 2, -1.3126813173294067, -3.3357319831848145
59, 2, -1.5059881210327148, -3.4942660331726074
60, 2, -1.699294924736023, -3.6528003215789795
61, 2, -1.892601728439331, -3.8113346099853516
62, 2, -2.085907220840454, -3.9698679447174072
63, 2, -2.2792110443115234, -4.128403663635254
64, 2, -2.4725148677825928, -4.286940097808838
65, 2, -2.665818691253662, -4.445476531982422
66, 2, -2.8591225147247314, -4.604012966156006
67, 2, -3.052426338195801, -4.76254940032959
68, 2, -3.24573016166687, -4.921085834503174
69, 2, -3.4390339851379395, -5.079622268676758
70, 2, -3.6323394775390625, -5.238158702850342
71, 2, -3.8256492614746094, -5.396695137023926
72, 2, -4.018959045410156, -5.55523157119751
73, 2, -4.212268829345703, -5.713768005371094
74, 2, -4.40557861328125, -5.872304439544678
75, 2, -4.598888397216797, -6.030840873718262
76, 2, -4.792198181152344, -6.189377307891846
77, 2, -4.985507965087891, -6.34791374206543
78, 2, -5.1788177490234375, -6.506450176239014
79, 2, -5.372127532958984, -6.664986610412598
80, 2, -5.565437316894531, -6.823523044586182
81, 2, -5.758747100830078, -6.982059001922607
82, 2, -5.952056884765625, -7.140590667724609
83, 2, -6.145366668701172, -7.299122333526611
84, 2, -6.331432819366455, -7.451714038848877
85, 2, -6.479974746704102, -7.573531150817871
86, 2, -6.595514297485352, -7.668283939361572
0, 3, 1.4929447174072266, 7.760108947753906
1, 3, 1.485595464706421, 7.510222434997559
2, 3, 1.4782462120056152, 7.260335922241211
3, 3, 1.4708969593048096, 7.010449409484863
4, 3, 1.463547706604004, 6.760562896728516
5, 3, 1.4561984539031982, 6.510676383972168
6, 3, 1.4488492012023926, 6.26078987121582
7, 3, 1.441499948501587, 6.010903358459473
8, 3, 1.4341506958007812, 5.761016845703125
9, 3, 1.4268014430999756, 5.511130332946777
10, 3, 1.41945219039917, 5.26124382019043
11, 3, 1.4121029376983643, 5.011357307434082
12, 3, 1.4047536849975586, 4.761470794677734
13, 3, 1.3783142566680908, 4.5093255043029785
14, 3, 1.3428986072540283, 4.256054878234863
15, 3, 1.3074917793273926, 4.002707481384277
16, 3, 1.2742890119552612, 3.740950345993042
17, 3, 1.2413485050201416, 3.477903127670288
18, 3, 1.2124873399734497, 3.2125189304351807
19, 3, 1.1920711994171143, 2.9358346462249756
20, 3, 1.1715024709701538, 2.658998966217041
21, 3, 1.1497524976730347, 2.3824875354766846
22, 3, 1.1263718605041504, 2.106421947479248
23, 3, 1.1014858484268188, 1.830767273902893
24, 3, 1.0752238035202026, 1.5554882287979126
25, 3, 1.0477755069732666, 1.2800266742706299
26, 3, 1.019526481628418, 1.0026628971099854
27, 3, 0.9907166361808777, 0.7237998247146606
28, 3, 0.961517870426178, 0.44390255212783813
29, 3, 0.9320669174194336, 0.16334716975688934
30, 3, 0.9025711417198181, -0.11779550462961197
31, 3, 0.8732225894927979, -0.39929527044296265
32, 3, 0.8443242907524109, -0.6812626719474792
33, 3, 0.8159094452857971, -0.9637294411659241
34, 3, 0.7880028486251831, -1.2467213869094849
35, 3, 0.760631799697876, -1.530266523361206
36, 3, 0.7338261604309082, -1.8143953084945679
37, 3, 0.7076184749603271, -2.099141836166382
38, 3, 0.6820453405380249, -2.3845436573028564
39, 3, 0.6571465134620667, -2.670642137527466
40, 3, 0.632966935634613, -2.9574835300445557
41, 3, 0.6095564961433411, -3.245119094848633
42, 3, 0.5869712829589844, -3.5336077213287354
43, 3, 0.5652751326560974, -3.823014259338379
44, 3, 0.5445405840873718, -4.1134138107299805
45, 3, 0.5248504281044006, -4.404892444610596
46, 3, 0.5063011646270752, -4.697549819946289
47, 3, 0.49178165197372437, -4.991002559661865
48, 3, 0.49301770329475403, -5.281108379364014
49, 3, 0.5106231570243835, -5.561229228973389
50, 3, 0.5434219241142273, -5.815985679626465
51, 3, 0.5789075493812561, -6.063452243804932
52, 3, 0.6143931746482849, -6.310918807983398
53, 3, 0.6498787999153137, -6.558385372161865
54, 3, 0.6853647232055664, -6.805851936340332
55, 3, 0.7208508253097534, -7.053318500518799
56, 3, 0.7563369274139404, -7.300785064697266
57, 3, 0.7918230295181274, -7.548251628875732
58, 3, 0.8273090720176697, -7.795718193054199
59, 3, 0.8627384305000305, -8.042789459228516
60, 3, 0.8932349681854248, -8.255461692810059
61, 3, 0.916955828666687, -8.420882225036621
0, 4, 4.892665863037109, -5.78533935546875
1, 4, 4.780859470367432, -5.5617265701293945
2, 4, 4.669053077697754, -5.338113784790039
3, 4, 4.557246685028076, -5.114500999450684
4, 4, 4.445440292358398, -4.890888214111328
5, 4, 4.333633899688721, -4.667275428771973
6, 4, 4.221827507019043, -4.443662643432617
7, 4, 4.110021114349365, -4.220049858093262
8, 4, 3.9982149600982666, -3.9964373111724854
9, 4, 3.8864145278930664, -3.7728304862976074
10, 4, 3.7746126651763916, -3.5492236614227295
11, 4, 3.662809371948242, -3.3256168365478516
12, 4, 3.5510058403015137, -3.1020100116729736
13, 4, 3.4431967735290527, -2.7964909076690674
14, 4, 3.3377442359924316, -2.4524827003479004
15, 4, 3.2322916984558105, -2.1084744930267334
16, 4, 3.127408027648926, -1.7597639560699463
17, 4, 3.0226378440856934, -1.4101320505142212
18, 4, 2.919478416442871, -1.0575437545776367
19, 4, 2.824138879776001, -0.6948658227920532
20, 4, 2.7289249897003174, -0.33221635222435
21, 4, 2.6331772804260254, 0.02602066844701767
22, 4, 2.552006483078003, 0.3580753207206726
23, 4, 2.4946537017822266, 0.656318187713623
24, 4, 2.4366912841796875, 0.9550673365592957
25, 4, 2.3781044483184814, 1.2543355226516724
26, 4, 2.3188788890838623, 1.5541350841522217
27, 4, 2.259000539779663, 1.8544775247573853
28, 4, 2.198455572128296, 2.1553735733032227
29, 4, 2.1372318267822266, 2.456834316253662
30, 4, 2.0753185749053955, 2.7588679790496826
31, 4, 2.0127060413360596, 3.0614824295043945
32, 4, 1.9493868350982666, 3.364682197570801
33, 4, 1.8572171926498413, 3.644995927810669
34, 4, 1.7068809270858765, 3.847181797027588
35, 4, 1.5549814701080322, 4.045743942260742
36, 4, 1.403082013130188, 4.2443108558654785
37, 4, 1.2511825561523438, 4.442877769470215
38, 4, 1.0992830991744995, 4.641444683074951
39, 4, 0.9473836421966553, 4.8400115966796875
40, 4, 0.795484185218811, 5.038578510284424
41, 4, 0.6435847282409668, 5.23714542388916
42, 4, 0.49168527126312256, 5.4357123374938965
43, 4, 0.3397858142852783, 5.634279251098633
44, 4, 0.18788619339466095, 5.832845687866211
45, 4, 0.03598638251423836, 6.031406402587891
46, 4, -0.11591340601444244, 6.2299675941467285
47, 4, -0.26781320571899414, 6.428528785705566
48, 4, -0.4197126626968384, 6.627089500427246
49, 4, -0.5716121196746826, 6.825650215148926
50, 4, -0.7235115766525269, 7.024210453033447
51, 4, -0.8754110336303711, 7.222770690917969
52, 4, -1.0273104906082153, 7.421331405639648
53, 4, -1.1792099475860596, 7.619892120361328
54, 4, -1.3311094045639038, 7.818452835083008
55, 4, -1.483008861541748, 8.017012596130371
56, 4, -1.6349083185195923, 8.215567588806152
57, 4, -1.7868077754974365, 8.414122581481934
58, 4, -1.9387072324752808, 8.612677574157715
59, 4, -2.0906050205230713, 8.811232566833496
60, 4, -2.2425014972686768, 9.009787559509277
61, 4, -2.3943979740142822, 9.208342552185059
62, 4, -2.528949499130249, 9.38422966003418
63, 4, -2.6336069107055664, 9.521037101745605
0, 5, 6.778163433074951, -5.984251022338867
1, 5, 6.5285868644714355, -5.969612121582031
2, 5, 6.27901029586792, -5.954973220825195
3, 5, 6.029433727264404, -5.940334320068359
4, 5, 5.779857158660889, -5.925695419311523
5, 5, 5.530280590057373, -5.9110565185546875
6, 5, 5.280704021453857, -5.896417617797852
7, 5, 5.031127452850342, -5.881778717041016
8, 5, 4.781550884246826, -5.86713981628418
9, 5, 4.5319743156433105, -5.852500915527344
10, 5, 4.282397747039795, -5.837862014770508
11, 5, 4.032821178436279, -5.823223114013672
12, 5, 3.783249855041504, -5.808584213256836
13, 5, 3.533679246902466, -5.7939453125
14, 5, 3.2841086387634277, -5.779306411743164
15, 5, 3.0345380306243896, -5.764667510986328
16, 5, 2.7849674224853516, -5.750028610229492
17, 5, 2.5353968143463135, -5.735389709472656
18, 5, 2.2858262062072754, -5.72075080871582
19, 5, 2.0362555980682373, -5.706111907958984
20, 5, 1.7866849899291992, -5.691473007202148
21, 5, 1.5371143817901611, -5.6768341064453125
22, 5, 1.287543773651123, -5.662195205688477
23, 5, 1.037973165512085, -5.647556304931641
24, 5, 0.7884025573730469, -5.632917404174805
25, 5, 0.5388319492340088, -5.618278503417969
26, 5, 0.2892613410949707, -5.603639602661133
27, 5, 0.03969046100974083, -5.589000701904297
28, 5, -0.20988042652606964, -5.574361801147461
29, 5, -0.4594511091709137, -5.559722900390625
30, 5, -0.7090217471122742, -5.545083999633789
31, 5, -0.9585923552513123, -5.530445098876953
32, 5, -1.2081630229949951, -5.515806198120117
33, 5, -1.4577336311340332, -5.501167297363281
34, 5, -1.7073042392730713, -5.486528396606445
35, 5, -1.9568748474121094, -5.471889495849609
36, 5, -2.2064454555511475, -5.457250595092773
37, 5, -2.4560160636901855, -5.4426116943359375
38, 5, -2.7055866718292236, -5.427972793579102
39, 5, -2.9551572799682617, -5.413333892822266
40, 5, -3.2047278881073, -5.39869499206543
41, 5, -3.454298496246338, -5.384056091308594
42, 5, -3.703869104385376, -5.369417190551758
43, 5, -3.953439712524414, -5.354778289794922
44, 5, -4.203015327453613, -5.340139389038086
45, 5, -4.452591896057129, -5.32550048828125
46, 5, -4.7021684646606445, -5.310861587524414
47, 5, -4.95174503326416, -5.296222686767578
48, 5, -5.201321601867676, -5.281583786010742
49, 5, -5.450898170471191, -5.266942501068115
50, 5, -5.700474739074707, -5.2522969245910645
51, 5, -5.950051307678223, -5.237651824951172
52, 5, -6.199627876281738, -5.223006725311279
53, 5, -6.449204444885254, -5.208361625671387
54, 5, -6.6987810134887695, -5.193716049194336
55, 5, -6.948357582092285, -5.179070949554443
56, 5, -7.197934150695801, -5.164425849914551
57, 5, -7.447510719299316, -5.149780750274658
58, 5, -7.697087287902832, -5.135135650634766
59, 5, -7.946663856506348, -5.120490074157715
60, 5, -8.196240425109863, -5.105844974517822
61, 5, -8.445816993713379, -5.09119987487793
62, 5, -8.695393562316895, -5.076554775238037
63, 5, -8.94497013092041, -5.061909198760986
64, 5, -9.177854537963867, -5.048243999481201
65, 5, -9.360517501831055, -5.037524223327637
66, 5, -9.502594947814941, -5.029186248779297
0, 6, -6.768089771270752, 1.0457262992858887
1, 6, -6.522363662719727, 1.0917649269104004
2, 6, -6.276637554168701, 1.137803554534912
3, 6, -6.030911445617676, 1.1838421821594238
4, 6, -5.78518533706665, 1.2298808097839355
5, 6, -5.539459228515625, 1.2759194374084473
6, 6, -5.2937331199646, 1.321958065032959
7, 6, -5.048007011413574, 1.3679966926574707
8, 6, -4.802280902862549, 1.4140353202819824
9, 6, -4.556554794311523, 1.4600739479064941
10, 6, -4.310828685760498, 1.5061125755310059
11, 6, -4.065102577209473, 1.5521512031555176
12, 6, -3.8193764686584473, 1.5981898307800293
13, 6, -3.573650360107422, 1.644228458404541
14, 6, -3.328418731689453, 1.6896934509277344
15, 6, -3.084470510482788, 1.7336941957473755
16, 6, -2.839127540588379, 1.7793495655059814
17, 6, -2.5934133529663086, 1.8254388570785522
18, 6, -2.3476991653442383, 1.871528148651123
19, 6, -2.101984977722168, 1.9176174402236938
20, 6, -1.8562707901000977, 1.9637067317962646
21, 6, -1.6105566024780273, 2.0097954273223877
22, 6, -1.364842414855957, 2.0558817386627197
23, 6, -1.1191282272338867, 2.1019680500030518
24, 6, -0.8734132647514343, 2.148054361343384
25, 6, -0.6276975870132446, 2.194140672683716
26, 6, -0.38198229670524597, 2.240226984024048
27, 6, -0.13626736402511597, 2.28631329536438
28, 6, 0.10944756865501404, 2.332399606704712
29, 6, 0.35516250133514404, 2.378485918045044
30, 6, 0.6008771061897278, 2.424572229385376
31, 6, 0.8465912938117981, 2.470658540725708
32, 6, 1.0923055410385132, 2.51674485206604
33, 6, 1.3380197286605835, 2.562831163406372
34, 6, 1.5837339162826538, 2.608917474746704
35, 6, 1.8294481039047241, 2.655003786087036
36, 6, 2.075162410736084, 2.70109224319458
37, 6, 2.3208765983581543, 2.7471814155578613
38, 6, 2.5665907859802246, 2.7932705879211426
39, 6, 2.812304973602295, 2.839359760284424
40, 6, 3.0580191612243652, 2.885448932647705
41, 6, 3.3037333488464355, 2.9315381050109863
42, 6, 3.549447536468506, 2.9776272773742676
43, 6, 3.795161724090576, 3.023716449737549
44, 6, 4.0408759117126465, 3.06980562210083
45, 6, 4.286590099334717, 3.1158947944641113
46, 6, 4.532304286956787, 3.1619839668273926
47, 6, 4.778018474578857, 3.208073139190674
48, 6, 5.023732662200928, 3.254162311553955
49, 6, 5.269446849822998, 3.3002514839172363
50, 6, 5.515161037445068, 3.3463408946990967
51, 6, 5.760875225067139, 3.392430067062378
52, 6, 6.006589412689209, 3.438519239425659
53, 6, 6.252303600311279, 3.4846084117889404
54, 6, 6.49801778793335, 3.5306975841522217
55, 6, 6.74373197555542, 3.576786756515503
56, 6, 6.98944616317749, 3.622875928878784
57, 6, 7.2351603507995605, 3.6689651012420654
58, 6, 7.480874538421631, 3.7150542736053467
59, 6, 7.726588726043701, 3.761143445968628
60, 6, 7.9723029136657715, 3.807232618331909
61, 6, 8.199633598327637, 3.8498735427856445
62, 6, 8.377458572387695, 3.8832285404205322
0, 7, -6.741548538208008, -2.479146718978882
1, 7, -6.494629383087158, -2.461801767349243
2, 7, -6.252025127410889, -2.4296905994415283
3, 7, -6.011636734008789, -2.390002727508545
4, 7, -5.756110668182373, -2.348256826400757
5, 7, -5.486537456512451, -2.3101861476898193
6, 7, -5.219629764556885, -2.2705211639404297
7, 7, -4.959926128387451, -2.2265429496765137
8, 7, -4.707160472869873, -2.1784110069274902
9, 7, -4.4638671875, -2.1284162998199463
10, 7, -4.221895217895508, -2.0713348388671875
11, 7, -3.959333658218384, -2.015702962875366
12, 7, -3.679908275604248, -1.9662095308303833
13, 7, -3.400083541870117, -1.9169530868530273
14, 7, -3.119847059249878, -1.8679405450820923
15, 7, -2.839185953140259, -1.8191800117492676
16, 7, -2.558084487915039, -1.7706788778305054
17, 7, -2.2765331268310547, -1.722447156906128
18, 7, -1.9754877090454102, -1.6584486961364746
19, 7, -1.615323543548584, -1.5556831359863281
20, 7, -1.2547781467437744, -1.4527792930603027
21, 7, -0.8977381587028503, -1.3520013093948364
22, 7, -0.5480188131332397, -1.2564131021499634
23, 7, -0.2084665596485138, -1.1690113544464111
24, 7, 0.12472698092460632, -1.0861623287200928
25, 7, 0.4549049139022827, -1.0051547288894653
26, 7, 0.7877603769302368, -0.9225234389305115
27, 7, 1.1231564283370972, -0.8383544087409973
28, 7, 1.4603320360183716, -0.7531083822250366
29, 7, 1.7982876300811768, -0.6673909425735474
30, 7, 2.020937919616699, -0.6516217589378357
31, 7, 2.2351691722869873, -0.6409600973129272
32, 7, 2.4485597610473633, -0.6308081746101379
33, 7, 2.6626670360565186, -0.6226984858512878
34, 7, 2.9034478664398193, -0.6577727198600769
35, 7, 3.149090528488159, -0.7042330503463745
36, 7, 3.394733190536499, -0.7506933808326721
37, 7, 3.640375852584839, -0.7971537113189697
38, 7, 3.8860185146331787, -0.8436140418052673
39, 7, 4.131661415100098, -0.8900743722915649
40, 7, 4.3773040771484375, -0.9365347027778625
41, 7, 4.622946739196777, -0.9829950332641602
42, 7, 4.868589401245117, -1.0294562578201294
43, 7, 5.114232063293457, -1.0759180784225464
44, 7, 5.359874725341797, -1.1223798990249634
45, 7, 5.605517387390137, -1.1688417196273804
46, 7, 5.851160049438477, -1.2153035402297974
47, 7, 6.096802711486816, -1.2617645263671875
48, 7, 6.342445373535156, -1.3082243204116821
49, 7, 6.588088035583496, -1.3546842336654663
50, 7, 6.833730697631836, -1.4011441469192505
51, 7, 7.079373359680176, -1.4476040601730347
52, 7, 7.325016021728516, -1.4940639734268188
53, 7, 7.5706586837768555, -1.5405237674713135
54, 7, 7.816301345825195, -1.5869836807250977
55, 7, 8.061944007873535, -1.6334435939788818
56, 7, 8.307586669921875, -1.679903507232666
57, 7, 8.553229331970215, -1.7263634204864502
58, 7, 8.798871994018555, -1.7728233337402344
59, 7, 9.044268608093262, -1.8192366361618042
60, 7, 9.256612777709961, -1.859398365020752
61, 7, 9.421777725219727, -1.890636920928955
0, 8, -0.5224018096923828, -7.76104736328125
1, 8, -0.5402590036392212, -7.517214298248291
2, 8, -0.5512740015983582, -7.283581733703613
3, 8, -0.5624760985374451, -7.05889368057251
4, 8, -0.5899425745010376, -6.8390793800354
5, 8, -0.6234316825866699, -6.619606018066406
6, 8, -0.6504395604133606, -6.404012203216553
7, 8, -0.6713042855262756, -6.192097187042236
8, 8, -0.6863724589347839, -5.983650207519531
9, 8, -0.7159625887870789, -5.775896072387695
10, 8, -0.7557241916656494, -5.566456317901611
11, 8, -0.7951830625534058, -5.357144832611084
12, 8, -0.8343340158462524, -5.1479644775390625
13, 8, -0.8731712698936462, -4.938916206359863
14, 8, -0.9116893410682678, -4.730003356933594
15, 8, -0.9498820900917053, -4.521227836608887
16, 8, -0.9872169494628906, -4.311344146728516
17, 8, -1.0220474004745483, -4.096390724182129
18, 8, -1.0552183389663696, -3.8782806396484375
19, 8, -1.0880223512649536, -3.659879446029663
20, 8, -1.121307373046875, -3.441274404525757
21, 8, -1.1552464962005615, -3.2223923206329346
22, 8, -1.1898034811019897, -3.0032477378845215
23, 8, -1.2249397039413452, -2.783858060836792
24, 8, -1.2606136798858643, -2.5642409324645996
25, 8, -1.2967828512191772, -2.3444132804870605
26, 8, -1.3334053754806519, -2.1243932247161865
27, 8, -1.3704404830932617, -1.904198169708252
28, 8, -1.4078506231307983, -1.6838436126708984
29, 8, -1.444828987121582, -1.4627553224563599
30, 8, -1.4653599262237549, -1.22316575050354
31, 8, -1.4798259735107422, -0.9735838770866394
32, 8, -1.4942935705184937, -0.7240028381347656
33, 8, -1.5087611675262451, -0.47442179918289185
34, 8, -1.5232281684875488, -0.22484076023101807
35, 8, -1.5376957654953003, 0.024740274995565414
36, 8, -1.5521633625030518, 0.2743212878704071
37, 8, -1.5666308403015137, 0.5239022970199585
38, 8, -1.5810983180999756, 0.7734833359718323
39, 8, -1.595565915107727, 1.0230642557144165
40, 8, -1.6100332736968994, 1.272643804550171
41, 8, -1.6245007514953613, 1.5222233533859253
42, 8, -1.6389682292938232, 1.7718029022216797
43, 8, -1.6534357070922852, 2.0213828086853027
44, 8, -1.6679033041000366, 2.270965337753296
45, 8, -1.682370901107788, 2.520547866821289
46, 8, -1.696838617324829, 2.7701303958892822
47, 8, -1.7113062143325806, 3.0197129249572754
48, 8, -1.725773811340332, 3.2692954540252686
49, 8, -1.740241527557373, 3.5188779830932617
50, 8, -1.7547091245651245, 3.768460512161255
51, 8, -1.769176721572876, 4.01804256439209
52, 8, -1.7836439609527588, 4.2676191329956055
53, 8, -1.7981112003326416, 4.517195701599121
54, 8, -1.812578558921814, 4.766772270202637
55, 8, -1.8270457983016968, 5.016348838806152
56, 8, -1.8415131568908691, 5.265925407409668
57, 8, -1.855980396270752, 5.515501976013184
58, 8, -1.8704476356506348, 5.765078544616699
59, 8, -1.8849148750305176, 6.014655113220215
60, 8, -1.89938223361969, 6.2642316818237305
61, 8, -1.9138494729995728, 6.513808250427246
62, 8, -1.9283168315887451, 6.763384819030762
63, 8, -1.942783236503601, 7.012948513031006
64, 8, -1.9554957151412964, 7.232250690460205
65, 8, -1.965383529663086, 7.402828216552734
0, 9, 7.853664398193359, 4.809764862060547
1, 9, 7.701231479644775, 4.611603260040283
2, 9, 7.548798561096191, 4.4134416580200195
3, 9, 7.396365642547607, 4.215280055999756
4, 9, 7.243932723999023, 4.017118453979492
5, 9, 7.0914998054504395, 3.818962335586548
6, 9, 6.9390668869018555, 3.6208066940307617
7, 9, 6.7866339683532715, 3.4226510524749756
8, 9, 6.6342010498046875, 3.2244954109191895
9, 9, 6.4817681312561035, 3.0263397693634033
10, 9, 6.3293352127075195, 2.828184127807617
11, 9, 6.1769022941589355, 2.630028486251831
12, 9, 6.024469375610352, 2.431872844696045
13, 9, 5.872036457061768, 2.233717203140259
14, 9, 5.7196044921875, 2.0355615615844727
15, 9, 5.567177772521973, 1.8374059200286865
16, 9, 5.414752006530762, 1.6392502784729004
17, 9, 5.262325286865234, 1.4410946369171143
18, 9, 5.112694263458252, 1.2383081912994385
19, 9, 4.964661598205566, 1.032775640487671
20, 9, 4.816743850708008, 0.82719886302948
21, 9, 4.673281192779541, 0.6243241429328918
22, 9, 4.535457134246826, 0.4239722788333893
23, 9, 4.402297019958496, 0.2244919240474701
24, 9, 4.273349761962891, 0.026984035968780518
25, 9, 4.1479716300964355, -0.16836275160312653
26, 9, 4.025390148162842, -0.3620132505893707
27, 9, 3.9048755168914795, -0.5544140338897705
28, 9, 3.785844326019287, -0.7459177374839783
29, 9, 3.6678078174591064, -0.9368196129798889
30, 9, 3.5502705574035645, -1.127418875694275
31, 9, 3.432847738265991, -1.3179492950439453
32, 9, 3.3154265880584717, -1.5084785223007202
33, 9, 3.1964945793151855, -1.6974480152130127
34, 9, 3.0605876445770264, -1.86888587474823
35, 9, 2.924081325531006, -2.0397043228149414
36, 9, 2.787497043609619, -2.210441827774048
37, 9, 2.650832176208496, -2.381096363067627
38, 9, 2.514085054397583, -2.551666021347046
39, 9, 2.377253293991089, -2.7221484184265137
40, 9, 2.2403347492218018, -2.89254093170166
41, 9, 2.1033270359039307, -3.0628414154052734
42, 9, 1.9662269353866577, -3.233046770095825
43, 9, 1.829032301902771, -3.4031543731689453
44, 9, 1.6917399168014526, -3.573160409927368
45, 9, 1.5543462038040161, -3.7430617809295654
46, 9, 1.416847825050354, -3.912855386734009
47, 9, 1.2771131992340088, -4.083649158477783
48, 9, 1.1267404556274414, -4.26209020614624
49, 9, 0.9676567316055298, -4.451606273651123
50, 9, 0.8072710633277893, -4.643378257751465
51, 9, 0.6468853950500488, -4.835150241851807
52, 9, 0.48649972677230835, -5.026922225952148
53, 9, 0.32611405849456787, -5.21869421005249
54, 9, 0.16572818160057068, -5.410466194152832
55, 9, 0.005342140793800354, -5.602238178253174
56, 9, -0.15504390001296997, -5.794010162353516
57, 9, -0.3154301047325134, -5.985782146453857
58, 9, -0.4758165180683136, -6.177554130554199
59, 9, -0.6362022757530212, -6.369326114654541
60, 9, -0.7965879440307617, -6.561098098754883
61, 9, -0.9569736123085022, -6.752870082855225
62, 9, -1.1173603534698486, -6.944642066955566
63, 9, -1.2777475118637085, -7.136414051055908
64, 9, -1.433732032775879, -7.322922229766846
65, 9, -1.559544563293457, -7.473354339599609
66, 9, -1.6574045419692993, -7.5903639793396
