n_cur:36 time:651.68
7.96363 1.99808 -0.862819 6.72857 2.35268 6.41146
7.96363 1.99808 -0.859899 6.66966 2.32819 6.35772
8.01476 1.99791 -0.860299 6.61421 2.30387 6.30781
8.09478 1.99753 -0.86087 6.56326 2.28441 6.26102
8.08657 1.99614 -0.862734 6.51225 2.26449 6.2144
8.00388 1.99473 -0.863259 6.46139 2.24215 6.16856
7.90963 1.99383 -0.864594 6.41049 2.22081 6.1224
7.79564 1.9927 -0.86753 6.35949 2.20104 6.07578
7.70609 1.992 -0.869665 6.30859 2.18296 6.02865
7.62594 1.99177 -0.869756 6.25788 2.16619 5.98115
7.52503 1.99134 -0.868604 6.20727 2.15088 5.93323
7.45519 1.9915 -0.867853 6.17354 2.14105 5.90119
7.3385 1.99156 -0.864954 6.12308 2.12662 5.85308
7.23886 1.99201 -0.861151 6.07269 2.11386 5.8045
7.16019 1.99238 -0.856968 6.02232 2.10241 5.75558
7.05077 1.99269 -0.849597 5.95527 2.0882 5.69012
6.93453 1.993 -0.845027 5.9218 2.08179 5.65723
6.85602 1.99316 -0.837158 5.87162 2.09376 5.60168
6.7569 1.9935 -0.829313 5.82143 2.08673 5.55174
6.67405 1.9936 -0.798568 5.77253 2.07554 5.50305
6.47104 1.99411 -0.78903 5.72234 2.0652 5.45418
6.47104 1.99411 -0.782152 5.67197 2.05316 5.40584
6.36026 1.99452 -0.776648 5.62148 2.04032 5.3578
6.28687 1.99466 -0.77238 5.57091 2.02619 5.31018
6.11617 1.99521 -0.769879 5.52023 2.01218 5.26257
6.00927 1.9952 -0.766982 5.46954 1.99794 5.21508
6.00927 1.9952 -0.765567 5.41872 1.98292 5.16789
5.90534 1.99535 -0.764502 5.36783 1.96646 5.12119
5.82921 1.99547 -0.763929 5.31688 1.94755 5.07523
5.7253 1.9957 -0.76578 5.28281 1.93609 5.0443
5.61853 1.99568 -0.769381 5.21458 1.91032 4.98335
5.53678 1.99589 -0.772794 5.16326 1.89341 4.93715
5.47016 1.99603 -0.777133 5.11174 1.87495 4.89157
5.35414 1.99599 -0.778385 5.07742 1.86201 4.86143
5.28155 1.9961 -0.782488 5.02579 1.84329 4.81615
5.18887 1.99612 -0.787532 4.97395 1.82536 4.77087
5.11006 1.99635 -0.791024 4.92187 1.8087 4.72555
4.99572 1.99654 -0.794101 4.86936 1.79374 4.68017
4.88345 1.99681 -0.794783 4.81652 1.78021 4.63482
4.80973 1.99684 -0.793438 4.76341 1.76757 4.58958
4.69542 1.99654 -0.7912 4.71 1.75442 4.54481
4.59575 1.99661 -0.788446 4.65625 1.74189 4.50006
4.5228 1.99673 -0.782967 4.60232 1.73027 4.45515
4.42044 1.99689 -0.776445 4.54795 1.71936 4.41024
4.36214 1.99983 -0.767918 4.49324 1.70875 4.36548
4.31242 2.00793 -0.760506 4.45673 1.70207 4.33561
4.25341 1.99409 -0.728631 4.40346 1.71133 4.28416
4.15978 1.96443 -0.717893 4.34863 1.70218 4.23906
4.09032 1.9377 -0.70982 4.29376 1.69098 4.19455
4.01071 1.89865 -0.702308 4.2388 1.67912 4.15029
3.89702 1.84758 -0.697311 4.18361 1.66607 4.10645
3.81196 1.82038 -0.693279 4.12834 1.65208 4.06295
3.7331 1.79926 -0.68964 4.07303 1.63674 4.01992
3.62412 1.77399 -0.686141 4.01773 1.62129 3.97691
3.53255 1.7552 -0.684061 3.9623 1.60576 3.93393
3.32773 1.72384 -0.684278 3.90669 1.58995 3.89106
3.32773 1.72384 -0.685028 3.85103 1.57309 3.84855
3.26017 1.71884 -0.687227 3.79525 1.55443 3.80667
3.04484 1.70829 -0.689398 3.73946 1.53485 3.7651
3.04484 1.70829 -0.690596 3.68374 1.51598 3.7233
2.96089 1.70785 -0.693656 3.62787 1.49489 3.68227
2.85745 1.70715 -0.695762 3.57206 1.4759 3.64051
2.7359 1.70743 -0.696783 3.51632 1.45635 3.59894
2.64407 1.70908 -0.696606 3.47923 1.44164 3.57182
2.56826 1.71042 -0.694262 3.42375 1.42163 3.53042
2.4796 1.7124 -0.68855 3.34998 1.3957 3.47496
2.37601 1.71492 -0.68444 3.29462 1.3764 3.43332
2.25966 1.71763 -0.680688 3.2578 1.3653 3.40494
2.16065 1.71902 -0.673094 3.20271 1.34838 3.36247
2.08708 1.7198 -0.665181 3.14764 1.33264 3.31958
2.0096 1.71992 -0.655076 3.09275 1.31754 3.27648
1.91822 1.71812 -0.621656 3.03973 1.30281 3.23325
1.83112 1.716 -0.610734 2.9849 1.28948 3.18953
1.71015 1.71288 -0.602373 2.92985 1.27646 3.1457
1.64296 1.7088 -0.594615 2.87474 1.26469 3.10143
1.56351 1.70393 -0.589095 2.81945 1.25378 3.05686
1.40528 1.68262 -0.585155 2.76402 1.26409 3.00487
1.40528 1.68262 -0.58129 2.70858 1.25518 2.9596
1.27667 1.66583 -0.577551 2.65312 1.24414 2.91508
1.20246 1.65231 -0.575228 2.59754 1.2319 2.87098
1.13207 1.63573 -0.574543 2.54181 1.21927 2.82701
0.926226 1.58133 -0.575702 2.48592 1.20555 2.78343
0.926226 1.58133 -0.575829 2.44871 1.19529 2.75476
0.849914 1.56104 -0.579572 2.37398 1.17535 2.69723
0.75633 1.53197 -0.579153 2.3368 1.16432 2.66884
0.682476 1.50352 -0.582402 2.2807 1.14886 2.62587
0.593217 1.47289 -0.583958 2.22473 1.13222 2.58332
0.50561 1.44197 -0.58587 2.16872 1.11521 2.54089
0.398527 1.40527 -0.585589 2.11289 1.09682 2.49896
0.313498 1.3779 -0.582986 2.05724 1.07691 2.45756
0.226476 1.34949 -0.578914 2.0017 1.05728 2.41606
0.11076 1.31287 -0.574193 1.94621 1.0367 2.3749
0.0205324 1.28601 -0.568627 1.89079 1.01775 2.33317
-0.0464131 1.2691 -0.56077 1.83555 0.997244 2.29199
-0.125904 1.25012 -0.552592 1.78033 0.976674 2.25083
-0.220077 1.231 -0.54222 1.72529 0.955416 2.20992
-0.419047 1.19969 -0.508541 1.67224 0.936693 2.16812
-0.419047 1.19969 -0.501075 1.63559 0.923492 2.1405
-0.490605 1.19115 -0.492402 1.5804 0.905885 2.09831
-0.58654 1.18451 -0.483565 1.52521 0.8897 2.05562
-0.686606 1.18236 -0.476735 1.46984 0.8746 2.01254
-0.78532 1.18247 -0.472185 1.41427 0.859413 1.9695
-0.857462 1.18575 -0.467746 1.35867 0.845205 1.92611
-0.968755 1.1951 -0.463745 1.30303 0.831473 1.88256
-1.07321 1.20552 -0.460572 1.24731 0.819092 1.83853
-1.14798 1.21635 -0.458546 1.19148 0.806861 1.79445
-1.22241 1.22901 -0.459344 1.13539 0.796016 1.74988
-1.351 1.25151 -0.461301 1.07919 0.806453 1.69779
-1.43014 1.26648 -0.462187 1.02307 0.797112 1.65268
-1.49998 1.27939 -0.462443 0.966992 0.785348 1.60843
-1.61688 1.30205 -0.465391 0.910665 0.773524 1.56421
-1.70866 1.31886 -0.46782 0.854371 0.760307 1.52047
-1.78581 1.332 -0.468251 0.798242 0.746067 1.4771
-1.89391 1.34981 -0.467664 0.742191 0.730391 1.43424
-1.96402 1.36075 -0.466154 0.704918 0.720086 1.40562
-2.08132 1.38236 -0.462174 0.649152 0.704333 1.36278
-2.16135 1.39717 -0.457259 0.59346 0.688547 1.31996
-2.25202 1.41501 -0.451001 0.537879 0.671914 1.27745
-2.34194 1.43562 -0.444278 0.482331 0.654027 1.23538
-2.47522 1.46568 -0.435239 0.426983 0.63588 1.1934
-2.55238 1.48397 -0.425055 0.371731 0.615409 1.15225
-2.63508 1.50342 -0.391677 0.318585 0.594853 1.11113
-2.72938 1.52412 -0.379359 0.263518 0.574678 1.06988
-2.9632 1.5797 -0.370571 0.208121 0.555703 1.0282
-2.9632 1.5797 -0.362275 0.15267 0.534679 0.987259
-3.04458 1.60327 -0.355114 0.0971054 0.514072 0.946169
-3.13997 1.63075 -0.350229 0.0413211 0.49287 0.905293
-3.36226 1.69401 -0.345886 -0.0145246 0.47369 0.8637
-3.36226 1.69401 -0.341272 -0.0703588 0.455774 0.821658
-3.45726 1.72047 -0.337593 -0.126293 0.438611 0.779347
-3.53237 1.74102 -0.336122 -0.163679 0.422637 0.736616
-3.60309 1.7593 -0.335771 -0.219939 0.412834 0.707831
-3.71719 1.78699 -0.337416 -0.276397 0.397527 0.664874
-3.81494 1.8097 -0.339553 -0.332929 0.382903 0.621697
-3.89708 1.82663 -0.339498 -0.389289 0.369394 0.578152
-3.98015 1.8434 -0.340374 -0.445758 0.357105 0.534167
-4.04282 1.85523 -0.343006 -0.50241 0.345696 0.489826
-4.21359 1.88498 -0.342927 -0.558807 0.334649 0.445276
-4.21359 1.88498 -0.342733 -0.61526 0.34521 0.392845
-4.34639 1.90392 -0.339524 -0.671486 0.334858 0.34796
-4.42519 1.91409 -0.33473 -0.727531 0.322019 0.303864
-4.49098 1.92161 -0.328935 -0.783359 0.30974 0.259329
-4.56997 1.92885 -0.322007 -0.838857 0.29498 0.215383
-4.66352 1.93649 -0.313364 -0.893972 0.279874 0.171261
-4.77939 1.94454 -0.30245 -0.94866 0.263198 0.127501
-4.88656 1.95112 -0.29 -1.00295 0.245908 0.0837143
-4.95882 1.95505 -0.256055 -1.05397 0.228761 0.0395834
n_cur:44 time:773.264
6.07841 2.01977 0.164167 -3.55635 -0.679443 -2.27158
7.47758 1.99909 0.166367 -3.5936 -0.697588 -2.30429
7.54558 1.99905 0.167031 -3.61223 -0.70541 -2.32105
7.54558 1.99905 0.167605 -3.61538 -0.706558 -2.32404
7.59723 1.99794 0.165249 -3.61004 -0.705229 -2.31846
7.45555 1.99202 0.163779 -3.60197 -0.703016 -2.31053
7.45555 1.99202 0.162101 -3.59785 -0.701457 -2.30647
7.36538 1.99043 -0.870452 6.82705 2.38715 6.50363
7.2745 1.98926 -0.866741 6.77845 2.36825 6.45877
7.15751 1.98884 -0.863535 6.72155 2.34431 6.40692
7.07145 1.9889 -0.862313 6.66261 2.31874 6.35362
6.98358 1.98882 -0.863691 6.60791 2.29729 6.30365
6.89204 1.9886 -0.865319 6.5569 2.27643 6.25731
6.79807 1.98879 -0.866395 6.50597 2.25422 6.2114
6.693 1.98918 -0.866577 6.47207 2.24076 6.18038
6.60523 1.98961 -0.868799 6.4211 2.22045 6.13389
6.51686 1.99009 -0.870702 6.37019 2.20121 6.08709
6.43583 1.99052 -0.871838 6.31936 2.18443 6.03956
6.33887 1.99126 -0.872285 6.26862 2.1687 5.99173
6.13804 1.99266 -0.871182 6.21802 2.15402 5.94361
6.05436 1.99322 -0.868128 6.16756 2.13989 5.89537
6.05436 1.99322 -0.863933 6.11719 2.12727 5.84672
5.9611 1.99387 -0.860544 6.06677 2.11562 5.79782
5.88279 1.99433 -0.855128 6.01648 2.10558 5.7485
5.80006 1.99473 -0.848547 5.96626 2.0957 5.69918
5.71269 1.99504 -0.841506 5.91606 2.10803 5.64346
5.49711 1.99563 -0.833589 5.86588 2.09911 5.59402
5.49711 1.99563 -0.803224 5.817 2.08868 5.54507
5.42608 1.99581 -0.792799 5.76689 2.07785 5.49629
5.22175 1.99633 -0.786013 5.71654 2.0653 5.44805
5.22175 1.99633 -0.779819 5.66612 2.05231 5.4
5.11814 1.99648 -0.775581 5.61556 2.03857 5.35222
5.03314 1.99648 -0.773026 5.58183 2.02858 5.32063
4.93858 1.99669 -0.770538 5.53115 2.01447 5.27304
4.84775 1.99703 -0.768522 5.48043 1.99959 5.22571
4.63991 1.99743 -0.766527 5.42966 1.98263 5.17904
4.63991 1.99743 -0.765496 5.37878 1.96475 5.13271
4.54569 1.99759 -0.766782 5.32775 1.9477 5.08622
4.4697 1.99746 -0.769175 5.27666 1.92712 5.04075
4.35105 1.9975 -0.772134 5.2255 1.90999 4.99443
4.16328 1.99762 -0.776337 5.17417 1.89234 4.94839
4.16328 1.99762 -0.779131 5.12275 1.87219 4.90324
4.06646 1.99761 -0.782722 5.0712 1.85306 4.85797
3.98137 1.99762 -0.787917 5.01951 1.83662 4.81208
3.86178 1.99761 -0.792229 4.96766 1.81966 4.76658
3.77934 1.99763 -0.794335 4.91559 1.80504 4.72074
3.6946 1.99772 -0.795734 4.86309 1.79143 4.67502
3.48991 1.99765 -0.795348 4.81025 1.77848 4.62955
3.40087 1.99758 -0.793925 4.77489 1.76577 4.58437
3.40087 1.99758 -0.791617 4.72155 1.7579 4.55423
3.31493 1.99768 -0.788222 4.66793 1.7469 4.50893
3.22666 1.99789 -0.783003 4.61407 1.73584 4.46379
3.00911 1.99778 -0.775979 4.55987 1.72663 4.4182
2.91511 1.99784 -0.766899 4.50529 1.7344 4.367
2.91511 1.99784 -0.73432 4.4522 1.72641 4.32147
2.8386 1.9979 -0.722726 4.39736 1.71645 4.27671
2.6197 1.99761 -0.714743 4.34235 1.70498 4.23239
2.53665 1.99773 -0.706724 4.28746 1.69267 4.18827
2.53665 1.99773 -0.701034 4.23236 1.67891 4.14467
2.45399 1.99774 -0.696986 4.1771 1.66489 4.10118
2.35375 1.99764 -0.693481 4.12178 1.64978 4.05806
2.15667 1.9974 -0.689725 4.06649 1.63411 4.01514
2.15667 1.9974 -0.686922 4.01113 1.61876 3.9721
2.07004 1.9975 -0.686344 3.95559 1.60223 3.92947
1.98106 1.99762 -0.687932 3.89987 1.5859 3.88678
1.87096 1.99761 -0.68928 3.84416 1.56705 3.84496
1.76767 1.99778 -0.691222 3.80693 1.5542 3.81718
1.67346 1.99782 -0.691862 3.75127 1.53424 3.77575
1.57675 1.99751 -0.69473 3.69541 1.51315 3.73472
1.50388 1.99687 -0.697391 3.63957 1.49416 3.69295
1.38228 1.99587 -0.699247 3.58378 1.47461 3.65139
1.28951 1.99519 -0.699391 3.52812 1.45375 3.61028
1.20087 1.99417 -0.697877 3.47258 1.43403 3.56878
1.11407 1.99206 -0.69447 3.41719 1.41398 3.52739
0.918339 1.98459 -0.690132 3.36186 1.39558 3.48544
0.830493 1.97996 -0.684454 3.30663 1.37785 3.44324
0.830493 1.97996 -0.678314 3.25143 1.36112 3.40071
0.758328 1.97619 -0.669861 3.19642 1.34613 3.35756
0.655813 1.9689 -0.660265 3.14148 1.33107 3.31444
0.551886 1.96102 -0.627459 3.08842 1.31698 3.27098
0.460157 1.95337 -0.616816 3.03357 1.30337 3.22736
0.382483 1.9464 -0.607551 2.9786 1.29111 3.18326
0.299683 1.93925 -0.599862 2.92349 1.279 3.13912
0.222024 1.9326 -0.596048 2.88665 1.2721 3.10927
0.0277565 1.90691 -0.590167 2.83139 1.28242 3.05728
0.0277565 1.90691 -0.585821 2.77599 1.27352 3.01201
-0.0518037 1.89726 -0.582168 2.72054 1.26248 2.96748
-0.151088 1.88776 -0.579351 2.665 1.25024 2.92338
-0.234713 1.87994 -0.57726 2.6094 1.23761 2.87941
-0.292138 1.87901 -0.576614 2.55367 1.22321 2.83607
-0.431203 1.84293 -0.578579 2.49772 1.20895 2.79267
-0.431203 1.84293 -0.581699 2.44166 1.19333 2.74976
-0.489452 1.82809 -0.582089 2.38581 1.1777 2.70684
-0.637716 1.79301 -0.584705 2.32977 1.16204 2.66395
-0.710575 1.77803 -0.587112 2.27374 1.14553 2.62135
-0.821685 1.75795 -0.588006 2.21782 1.12777 2.57919
-0.894461 1.74721 -0.5886 2.16192 1.10975 2.53712
-0.894461 1.74721 -0.586829 2.10621 1.0894 2.49587
-0.980617 1.73757 -0.583163 2.05065 1.06896 2.45466
-1.05094 1.73379 -0.578565 1.99516 1.04891 2.41331
-1.13531 1.73049 -0.575118 1.95819 1.03615 2.38553
-1.19948 1.73055 -0.56862 1.90284 1.01565 2.34435
-1.2993 1.73331 -0.560345 1.84764 0.995082 2.30319
-1.49945 1.74766 -0.551119 1.79252 0.975321 2.26175
-1.57836 1.75634 -0.518664 1.73936 0.95511 2.22046
-1.57836 1.75634 -0.506474 1.68448 0.936176 2.17874
-1.6602 1.76697 -0.496885 1.62937 0.919005 2.13639
-1.75051 1.78007 -0.48857 1.57415 0.903245 2.09355
-1.93055 1.79471 -0.482177 1.51875 0.88816 2.05047
-1.93055 1.79471 -0.47602 1.46332 0.872982 2.00742
-2.01014 1.79939 -0.471394 1.40775 0.858473 1.96414
-2.19283 1.80394 -0.46746 1.35211 0.845055 1.92047
-2.19283 1.80394 -0.464359 1.29639 0.832865 1.87638
-2.26608 1.80395 -0.461982 1.2406 0.821596 1.83195
-2.36337 1.80191 -0.461988 1.18459 0.810761 1.78738
-2.47512 1.80015 -0.46272 1.12851 0.821635 1.73513
-2.55723 1.79668 -0.464104 1.09103 0.811544 1.69029
-2.64733 1.79335 -0.465735 1.03485 0.803828 1.66075
-2.73521 1.7901 -0.466389 0.978735 0.791497 1.6167
-2.96323 1.78981 -0.468901 0.922448 0.778798 1.57278
-3.05273 1.79593 -0.47171 0.866122 0.764563 1.52941
-3.05273 1.79593 -0.470922 0.810103 0.748892 1.48654
-3.13322 1.8027 -0.470247 0.754062 0.733912 1.44344
-3.24395 1.81523 -0.466209 0.698311 0.717859 1.40071
-3.35694 1.82958 -0.46101 0.642653 0.701567 1.35807
-3.43336 1.83888 -0.456333 0.586939 0.684946 1.31554
-3.51098 1.84857 -0.448889 0.531464 0.666613 1.27363
-3.71736 1.8741 -0.440935 0.476026 0.646902 1.23221
-3.71736 1.8741 -0.430283 0.420824 0.627926 1.19052
-3.81451 1.88564 -0.398632 0.367523 0.606754 1.14962
-3.90135 1.89511 -0.386123 0.312481 0.586916 1.10825
-3.9903 1.90426 -0.376212 0.257194 0.567974 1.06656
-4.05986 1.91086 -0.367208 0.201816 0.546493 1.02578
-4.26881 1.92949 -0.360332 0.146234 0.526263 0.984554
-4.35379 1.9355 -0.356261 0.109127 0.512622 0.957127
-4.35379 1.9355 -0.351498 0.0533341 0.492706 0.915794
-4.45386 1.94202 -0.346884 -0.00248418 0.474398 0.873891
-4.53148 1.94709 -0.342823 -0.0583666 0.457347 0.831541
-4.6296 1.95302 -0.340081 -0.114385 0.441377 0.788806
-4.71121 1.95741 -0.33897 -0.170566 0.426484 0.745689
-4.81439 1.96232 -0.33974 -0.226932 0.411021 0.702781
-4.90221 1.9663 -0.341789 -0.283432 0.396472 0.659555
-4.99483 1.9697 -0.342194 -0.339809 0.384106 0.615577
n_cur:72 time:1223.53
6.00564 2.02462 0.201927 -3.59752 -0.68595 -2.31972
7.6035 1.99915 0.204536 -3.60833 -0.690807 -2.32974
7.67372 1.99901 0.204283 -3.60694 -0.690301 -2.32842
7.67372 1.99901 0.203465 -3.59941 -0.68912 -2.32079
7.73394 1.99879 0.202153 -3.59221 -0.687581 -2.31354
7.63516 1.99529 -0.928232 6.84313 2.3981 6.5227
7.54228 1.99384 -0.925792 6.81745 2.38974 6.49836
7.54228 1.99384 -0.920683 6.768 2.37342 6.45152
7.46381 1.99352 -0.912578 6.71122 2.35346 6.39793
7.24493 1.993 -0.903544 6.65325 2.33099 6.34383
7.24493 1.993 -0.893257 6.60033 2.30968 6.29453
7.16713 1.99279 -0.861998 6.5522 2.28803 6.24847
7.06838 1.99283 -0.850004 6.50236 2.26773 6.20199
6.97689 1.99306 -0.841315 6.45223 2.24753 6.1555
6.76498 1.99364 -0.833368 6.40203 2.2261 6.10939
6.76498 1.99364 -0.826493 6.35174 2.20516 6.06315
6.69894 1.99395 -0.821642 6.3013 2.18515 6.01663
6.61115 1.99421 -0.817661 6.25081 2.16599 5.96987
6.41618 1.99482 -0.81465 6.20024 2.1485 5.92262
6.41618 1.99482 -0.811182 6.14972 2.13324 5.87474
6.32592 1.99518 -0.809081 6.0991 2.11892 5.82661
6.24539 1.9951 -0.808237 6.04842 2.10429 5.77861
6.03276 1.99566 -0.808701 5.99766 2.09157 5.73008
5.93343 1.99597 -0.810071 5.96376 2.07938 5.68144
5.93343 1.99597 -0.813194 5.91285 2.07253 5.64868
5.85547 1.99603 -0.816387 5.86195 2.06262 5.59948
5.75724 1.99625 -0.81707 5.81122 2.0752 5.54386
5.67881 1.99635 -0.821752 5.76027 2.06756 5.49415
5.45983 1.99662 -0.823662 5.70948 2.05785 5.4451
5.45983 1.99662 -0.82601 5.65867 2.04759 5.39627
5.37917 1.99683 -0.828374 5.60784 2.03648 5.34775
5.17706 1.99691 -0.827721 5.55716 2.02389 5.2997
5.08694 1.99691 -0.825831 5.50654 2.01006 5.25206
5.08694 1.99691 -0.823259 5.45591 1.99575 5.2046
5.00381 1.99701 -0.820532 5.40523 1.98205 5.15707
4.92529 1.99718 -0.816221 5.35454 1.96721 5.10994
4.7158 1.99769 -0.81074 5.30387 1.95209 5.06295
4.7158 1.99769 -0.804787 5.25317 1.93521 5.01651
4.6417 1.99757 -0.796512 5.20246 1.91681 4.9706
4.53991 1.99769 -0.766691 5.15244 1.89678 4.92528
4.47049 1.9978 -0.759124 5.10137 1.87913 4.8795
4.26587 1.99786 -0.754888 5.06726 1.868 4.84887
4.26587 1.99786 -0.749248 5.01601 1.84932 4.80359
4.1924 1.99781 -0.74599 4.96449 1.83109 4.75842
4.10427 1.99801 -0.742553 4.9127 1.81221 4.71378
3.99594 1.99805 -0.740929 4.86046 1.79529 4.66903
3.92003 1.99794 -0.739289 4.80793 1.77971 4.62435
3.83422 1.99781 -0.738215 4.75509 1.76493 4.57984
3.60821 1.99834 -0.737861 4.70185 1.75134 4.53526
3.60821 1.99834 -0.739742 4.64801 1.7378 4.49091
3.52733 1.99851 -0.741684 4.59362 1.72466 4.44656
3.44642 1.99853 -0.744538 4.53848 1.7122 4.40226
3.30888 1.99865 -0.746977 4.48287 1.6997 4.35821
3.23623 1.99869 -0.748234 4.42709 1.68709 4.31433
3.15004 1.99886 -0.751327 4.37113 1.67739 4.26945
2.93839 1.99868 -0.753588 4.31541 1.68665 4.21788
2.84632 1.99872 -0.754765 4.25979 1.67788 4.17254
2.84632 1.99872 -0.75467 4.22275 1.66693 4.12797
2.74789 1.99865 -0.75243 4.16734 1.6586 4.09862
2.67836 1.99865 -0.74864 4.11205 1.64664 4.05441
2.55863 1.99919 -0.74418 4.0568 1.63291 4.01081
2.48531 1.99937 -0.7392 4.0016 1.61874 3.96736
2.38668 1.99946 -0.731734 3.94659 1.60322 3.92438
2.30933 1.99942 -0.723948 3.8916 1.58769 3.88141
2.10074 1.99931 -0.713972 3.83677 1.57213 3.83845
2.10074 1.99931 -0.680676 3.78377 1.55574 3.79578
2.0265 1.9992 -0.669884 3.729 1.53883 3.75328
1.83249 1.99868 -0.661654 3.67403 1.52012 3.71142
1.73809 1.99802 -0.654028 3.619 1.50072 3.6698
1.73809 1.99802 -0.648641 3.56379 1.47953 3.62881
1.67134 1.99735 -0.644836 3.50845 1.45957 3.58738
1.58512 1.99622 -0.641106 3.45309 1.44082 3.54554
1.37345 1.99007 -0.637503 3.39772 1.42001 3.50442
1.37345 1.99007 -0.635317 3.34222 1.39962 3.46316
1.30107 1.98653 -0.63477 3.28659 1.37983 3.42168
1.09823 1.97399 -0.635487 3.24941 1.36739 3.39377
1.02301 1.96813 -0.636289 3.19365 1.34808 3.35214
1.02301 1.96813 -0.639201 3.13772 1.33057 3.30987
0.926864 1.95444 -0.639897 3.08195 1.31449 3.26711
0.848946 1.94365 -0.643289 3.02596 1.29968 3.22391
0.766907 1.9324 -0.64499 2.9701 1.28442 3.18086
0.675504 1.91934 -0.647046 2.9142 1.27032 3.13741
0.564851 1.90393 -0.646911 2.85846 1.25689 3.09372
0.490668 1.89102 -0.644455 2.80291 1.24443 3.0497
0.394639 1.87038 -0.640529 2.74747 1.23365 3.00509
0.213584 1.8368 -0.635957 2.69207 1.22292 2.96046
0.213584 1.8368 -0.630539 2.63674 1.23392 2.90822
0.102238 1.81196 -0.622832 2.58158 1.22292 2.86368
0.025561 1.79584 -0.614803 2.52645 1.21156 2.81928
-0.0925104 1.77055 -0.604582 2.47149 1.19956 2.77509
-0.178344 1.75327 -0.571049 2.41846 1.18642 2.73131
-0.281178 1.73412 -0.563685 2.38187 1.17712 2.70231
-0.355205 1.72245 -0.555166 2.32676 1.16208 2.65919
-0.427616 1.71222 -0.546483 2.27166 1.14691 2.61612
-0.654362 1.68768 -0.540532 2.21632 1.13094 2.57333
-0.742152 1.68108 -0.535418 2.16091 1.11504 2.53052
-0.742152 1.68108 -0.531138 2.10541 1.09829 2.488
-0.827546 1.677 -0.527298 2.04988 1.08093 2.44571
-0.923297 1.67368 -0.524267 1.99426 1.062 2.40397
-1.13092 1.67312 -0.522424 1.93854 1.04159 2.36274
-1.13092 1.67312 -0.523386 1.88257 1.02052 2.32176
-1.20385 1.67492 -0.523921 1.82662 1.00079 2.2803
-1.28484 1.67728 -0.526564 1.77049 0.981961 2.23853
-1.37514 1.6795 -0.526989 1.71453 0.960586 2.19766
-1.47895 1.6836 -0.530107 1.65833 0.940464 2.15635
-1.57139 1.6881 -0.531533 1.60227 0.920104 2.11512
-1.64154 1.6917 -0.533313 1.54616 0.901589 2.07325
-1.84435 1.70145 -0.5329 1.49023 0.883789 2.03113
-1.92947 1.70534 -0.530164 1.43449 0.866745 1.98874
-1.92947 1.70534 -0.527539 1.3974 0.8561 1.96023
-2.00961 1.70895 -0.522799 1.34182 0.841323 1.91705
-2.1097 1.71258 -0.517411 1.28628 0.825976 1.87406
-2.22628 1.7169 -0.510337 1.23089 0.811542 1.83076
-2.40819 1.72291 -0.502353 1.17557 0.798456 1.78698
-2.40819 1.72291 -0.491474 1.12049 0.786651 1.74275
-2.4798 1.72461 -0.459825 1.06723 0.775591 1.69825
-2.68224 1.72913 -0.447215 1.0123 0.7856 1.64631
-2.68224 1.72913 -0.438402 0.957026 0.776079 1.60127
-2.79364 1.73095 -0.429424 0.901759 0.765455 1.55662
-2.86811 1.73378 -0.422451 0.846306 0.752757 1.5127
-2.95238 1.74118 -0.417757 0.790641 0.74016 1.46875
-3.04697 1.75361 -0.413172 0.734957 0.726149 1.4253
-3.23475 1.78145 -0.409025 0.679224 0.711906 1.38193
-3.37255 1.80417 -0.405704 0.623406 0.696582 1.33895
-3.37255 1.80417 -0.404438 0.567393 0.680682 1.29617
-3.44979 1.81667 -0.404174 0.511277 0.6651 1.25328
-3.52811 1.82929 -0.404787 0.473789 0.654368 1.22481
-3.62422 1.84407 -0.407451 0.417387 0.637271 1.18246
-3.82628 1.87289 -0.407385 0.36122 0.618376 1.14075
-3.82628 1.87289 -0.409539 0.304837 0.599665 1.09898
-3.90341 1.88276 -0.41148 0.24846 0.57947 1.05773
-4.09311 1.90476 -0.412611 0.192143 0.558151 1.01689
-4.17923 1.91413 -0.412028 0.13597 0.538925 0.975307
-4.17923 1.91413 -0.409872 0.0799287 0.519141 0.933924
-4.25035 1.92108 -0.405643 0.0240669 0.498038 0.893012
-4.46443 1.93872 -0.400565 -0.0317276 0.478088 0.851693
-4.46443 1.93872 -0.394144 -0.0874047 0.457798 0.810495
-4.54488 1.94296 -0.386802 -0.143005 0.439147 0.768714
-4.65308 1.94948 -0.378053 -0.198488 0.420512 0.72693
-4.72593 1.95322 -0.367702 -0.253835 0.404195 0.684329
-4.84642 1.95823 -0.334165 -0.307011 0.388966 0.641354
-4.95301 1.96251 -0.321716 -0.362177 0.37368 0.598434
n_cur:86 time:1449.79
6.06181 1.99741 -0.8291 6.18825 2.19828 5.89634
6.24893 1.99774 -0.823051 6.15485 2.18918 5.86416
6.24893 1.99774 -0.813554 6.10477 2.1744 5.81626
6.32827 1.99778 -0.806266 6.05452 2.15933 5.76848
6.44537 1.99773 -0.800049 6.00419 2.14441 5.72069
6.47415 1.99654 -0.795546 5.95374 2.12873 5.67316
6.47415 1.99654 -0.792512 5.90319 2.11186 5.62601
6.35108 1.99567 -0.790135 5.85259 2.09391 5.57921
6.2699 1.99524 -0.787297 5.80202 2.07454 5.53285
6.17874 1.99458 -0.785805 5.75137 2.05322 5.48706
6.06432 1.99431 -0.785603 5.70064 2.03535 5.44032
5.98911 1.99414 -0.786678 5.64983 2.017 5.39377
5.77716 1.99385 -0.789402 5.59891 1.99618 5.34796
5.77716 1.99385 -0.792907 5.54797 1.97636 5.30189
5.69801 1.99397 -0.795835 5.49705 1.95812 5.25543
5.60319 1.99435 -0.798013 5.44614 1.9416 5.20855
5.50867 1.9946 -0.801274 5.41209 1.93097 5.17724
5.38925 1.99482 -0.804962 5.36103 1.91706 5.12981
5.31185 1.99509 -0.807869 5.30999 1.90408 5.08218
5.21447 1.99521 -0.810792 5.25892 1.89078 5.03471
5.02521 1.99568 -0.810675 5.2079 1.87848 4.98709
5.02521 1.99568 -0.809283 5.15678 1.86846 4.93902
4.93208 1.99583 -0.807169 5.10551 1.85886 4.89105
4.8501 1.99591 -0.804934 5.05417 1.85026 4.8429
4.64045 1.99596 -0.801118 5.00279 1.86338 4.78877
4.64045 1.99596 -0.796041 4.95124 1.85806 4.73993
4.45695 1.99629 -0.790333 4.89937 1.84867 4.69248
4.45695 1.99629 -0.782114 4.84719 1.83908 4.64539
4.3833 1.99645 -0.752361 4.79586 1.82808 4.59893
4.23034 2.00962 -0.743708 4.74331 1.816 4.55304
4.23034 2.00962 -0.737438 4.69033 1.80239 4.50791
4.07187 1.94949 -0.73143 4.63695 1.78833 4.46325
4.07187 1.94949 -0.727163 4.58291 1.77374 4.41914
4.00596 1.92251 -0.725187 4.54645 1.76351 4.39018
3.89649 1.87013 -0.721515 4.49137 1.74709 4.34741
3.82019 1.83401 -0.718055 4.43597 1.72983 4.30515
3.71373 1.78399 -0.715357 4.38045 1.71096 4.26348
3.64227 1.75075 -0.713967 4.325 1.69071 4.22216
3.42865 1.64674 -0.715405 4.26937 1.66983 4.18103
3.3299 1.61277 -0.716378 4.21374 1.65025 4.13946
3.3299 1.61277 -0.719443 4.15791 1.63154 4.09759
3.23702 1.58797 -0.720291 4.10226 1.61029 4.05661
3.15529 1.5707 -0.723855 4.0464 1.59032 4.01519
2.92783 1.52645 -0.725735 3.99066 1.57011 3.97384
2.92783 1.52645 -0.727972 3.93489 1.55175 3.93186
2.85196 1.51388 -0.728017 3.87928 1.5341 3.88962
2.76862 1.50417 -0.725741 3.82385 1.51722 3.84713
2.67347 1.4974 -0.721997 3.76853 1.50166 3.80417
2.56058 1.49097 -0.717608 3.71325 1.48646 3.76109
2.49249 1.48737 -0.712374 3.65802 1.47176 3.71783
2.37121 1.4845 -0.707621 3.62131 1.45847 3.67409
2.29615 1.48301 -0.700108 3.56626 1.44968 3.6449
2.09517 1.48121 -0.690497 3.51137 1.43805 3.60058
2.09517 1.48121 -0.658514 3.45825 1.42716 3.556
1.9952 1.48134 -0.646381 3.40356 1.43737 3.50406
1.92036 1.48172 -0.638052 3.34855 1.42802 3.45894
1.83381 1.48226 -0.63001 3.29352 1.41757 3.4142
1.74612 1.48285 -0.623801 3.23834 1.40504 3.37019
1.63259 1.4834 -0.61859 3.18306 1.39304 3.326
1.55483 1.48364 -0.614197 3.12772 1.37877 3.2826
1.32672 1.48257 -0.610906 3.07228 1.3647 3.23913
1.24343 1.48093 -0.608322 3.01678 1.34954 3.19604
1.24343 1.48093 -0.606679 2.96119 1.33381 3.15315
1.13778 1.47931 -0.606218 2.90549 1.3184 3.11016
1.06361 1.47719 -0.608584 2.84956 1.30179 3.06758
0.954966 1.47215 -0.611432 2.79358 1.28483 3.02513
0.871574 1.46769 -0.612063 2.73777 1.26647 2.98316
0.765759 1.46194 -0.615391 2.68173 1.2466 2.94173
0.569214 1.44707 -0.616272 2.64447 1.23355 2.91404
0.483183 1.4395 -0.618012 2.58854 1.21239 2.87307
0.483183 1.4395 -0.618315 2.53273 1.19334 2.83135
0.408359 1.43169 -0.617298 2.47701 1.17372 2.78984
0.207303 1.41439 -0.613811 2.42148 1.15278 2.74879
0.117046 1.40747 -0.609287 2.36604 1.133 2.70734
0.117046 1.40747 -0.604116 2.31064 1.11288 2.66601
0.0403309 1.40233 -0.597461 2.25536 1.09351 2.62442
-0.054469 1.39461 -0.589493 2.20018 1.07594 2.5822
-0.142038 1.38744 -0.579629 2.14515 1.0598 2.53948
-0.232294 1.38064 -0.547398 2.092 1.04474 2.49638
-0.308893 1.38186 -0.536238 2.03707 1.0296 2.45331
-0.361787 1.37703 -0.526422 1.98203 1.01544 2.4099
-0.409124 1.36741 -0.518119 1.92685 1.00194 2.36625
-0.490818 1.35278 -0.511647 1.87151 0.989415 2.32226
-0.570013 1.33925 -0.506171 1.81607 0.977229 2.27815
-0.635911 1.32868 -0.501511 1.76056 0.966431 2.23356
-0.69691 1.32032 -0.499297 1.72347 0.980501 2.19634
-0.879133 1.30119 -0.495655 1.66786 0.97152 2.15111
-0.879133 1.30119 -0.493335 1.61213 0.960406 2.10662
-1.03629 1.29665 -0.493084 1.5562 0.948083 2.06256
-1.03629 1.29665 -0.493851 1.50018 0.93538 2.01864
-1.12353 1.29984 -0.496336 1.444 0.921585 1.9751
-1.1924 1.30261 -0.497159 1.38796 0.906477 1.93202
-1.39553 1.31769 -0.498808 1.33182 0.891242 1.88899
-1.47203 1.32609 -0.501174 1.27562 0.875207 1.84625
-1.47203 1.32609 -0.502626 1.21948 0.859239 1.80348
-1.54338 1.33369 -0.50264 1.16346 0.842836 1.76086
-1.6327 1.34433 -0.501331 1.10754 0.824995 1.71876
-1.84355 1.37011 -0.497552 1.05183 0.806004 1.67706
-1.84355 1.37011 -0.492733 0.996195 0.786467 1.63556
-1.95184 1.38251 -0.487266 0.940613 0.765956 1.59441
-2.03319 1.39156 -0.480112 0.885171 0.745827 1.55312
-2.10879 1.40242 -0.474596 0.848271 0.726899 1.51141
-2.32638 1.44208 -0.464634 0.793064 0.712438 1.48426
-2.32638 1.44208 -0.455107 0.737812 0.691796 1.44316
-2.39175 1.45581 -0.421014 0.684751 0.670466 1.40231
-2.58975 1.49717 -0.410319 0.629594 0.651669 1.36056
-2.6817 1.51642 -0.401182 0.57429 0.632657 1.31889
-2.6817 1.51642 -0.394134 0.518789 0.615405 1.2766
-2.76533 1.53387 -0.388519 0.463149 0.599563 1.23381
-2.88171 1.55873 -0.383299 0.407464 0.584395 1.19078
-3.08903 1.61675 -0.379125 0.351674 0.569135 1.14779
-3.17544 1.64342 -0.375782 0.295797 0.554543 1.10456
-3.17544 1.64342 -0.372559 0.239897 0.54147 1.06079
-3.27244 1.67301 -0.371978 0.183744 0.528763 1.01689
-3.34717 1.69465 -0.373402 0.127394 0.517407 0.972513
-3.5388 1.74973 -0.375975 0.070924 0.506484 0.927982
-3.62636 1.77166 -0.375816 0.0146917 0.517253 0.875734
-3.62636 1.77166 -0.37635 -0.0416184 0.507073 0.830936
-3.69642 1.78928 -0.379725 -0.098204 0.494488 0.786996
-3.89795 1.83357 -0.379943 -0.135746 0.48688 0.757425
-3.89795 1.83357 -0.38015 -0.192059 0.474094 0.713558
-3.96535 1.84669 -0.378512 -0.24822 0.459771 0.670235
-4.1292 1.87614 -0.37491 -0.304222 0.444012 0.627419
-4.23636 1.89423 -0.369475 -0.360081 0.428971 0.584377
-4.23636 1.89423 -0.364574 -0.416013 0.412868 0.541725
-4.30438 1.90366 -0.356882 -0.471687 0.396505 0.499141
-4.4078 1.91621 -0.348619 -0.527297 0.379295 0.456798
-4.47659 1.92338 -0.338685 -0.582719 0.361226 0.414685
-4.68759 1.94284 -0.305584 -0.635723 0.341339 0.373274
-4.68759 1.94284 -0.292689 -0.690718 0.322159 0.331598
-4.7546 1.948 -0.28226 -0.74585 0.300686 0.290655
-4.85933 1.95496 -0.272511 -0.800877 0.280346 0.24906
-4.9355 1.95975 -0.265087 -0.855978 0.260622 0.206897
n_cur:100 time:1674.58
6.02773 1.9687 0.0844481 -2.94164 -0.492122 -1.6804
8.52293 1.99686 0.0956304 -2.99144 -0.5092 -1.72847
8.52293 1.99678 0.104838 -3.0416 -0.525855 -1.77671
8.52292 1.99666 0.11394 -3.09178 -0.541173 -1.82545
8.5201 1.99659 0.122214 -3.14212 -0.554534 -1.87495
8.47415 1.99658 0.129676 -3.1926 -0.547848 -1.93215
8.34781 1.99572 0.137005 -3.2431 -0.560495 -1.98192
8.26774 1.99528 0.142138 -3.29401 -0.573394 -2.0316
8.19765 1.99509 0.146288 -3.34509 -0.588271 -2.08051
8.08684 1.99461 0.149704 -3.4003 -0.605472 -2.13275
7.89679 1.99468 0.153149 -3.4598 -0.626132 -2.18818
7.89679 1.99468 0.158653 -3.51674 -0.646735 -2.24133
7.81096 1.99479 0.158601 -3.55097 -0.659378 -2.27254
7.71189 1.99503 0.161661 -3.59035 -0.673565 -2.30918
7.63101 1.99517 0.163368 -3.61139 -0.681476 -2.32864
7.4092 1.99563 0.162693 -3.61651 -0.68342 -2.33316
7.4092 1.99563 0.161826 -3.61175 -0.681686 -2.32865
7.3013 1.99591 0.159111 -3.60388 -0.678969 -2.32087
7.24063 1.99609 0.157594 -3.59881 -0.677626 -2.31576
7.14063 1.9963 -0.872141 6.8326 2.39251 6.50785
7.03163 1.9963 -0.868935 6.78559 2.37882 6.463
6.93405 1.99623 -0.867729 6.72927 2.36115 6.40994
6.86508 1.99618 -0.867696 6.6701 2.34245 6.35435
6.766 1.99655 -0.868957 6.61446 2.32436 6.30235
6.69753 1.99669 -0.870798 6.56341 2.3066 6.25506
6.59019 1.99701 -0.870154 6.51263 2.28738 6.20827
6.48381 1.9971 -0.873514 6.46154 2.26731 6.16176
6.41163 1.99709 -0.874119 6.41072 2.24593 6.11567
6.30693 1.99716 -0.876408 6.35979 2.22589 6.06917
6.11519 1.99722 -0.875964 6.32601 2.21321 6.03798
6.11519 1.99722 -0.875429 6.27534 2.19288 5.9916
6.02352 1.9972 -0.872536 6.22487 2.17121 5.94563
5.95815 1.99711 -0.868399 6.1745 2.15049 5.89939
5.85808 1.99718 -0.864625 6.1241 2.13191 5.85252
5.74789 1.99736 -0.860141 6.07375 2.11472 5.80527
5.66465 1.99747 -0.853455 6.02354 2.09801 5.7579
5.56889 1.99762 -0.84646 5.97335 2.08359 5.70989
5.44632 1.99788 -0.838643 5.92319 2.06933 5.66187
5.35767 1.9979 -0.806907 5.87446 2.05617 5.61359
5.28574 1.99796 -0.797461 5.8243 2.04422 5.565
5.17426 1.99815 -0.790365 5.77399 2.03286 5.51629
5.08699 1.9983 -0.784018 5.72361 2.02405 5.46691
4.99783 1.99839 -0.779392 5.67311 2.03598 5.41172
4.91153 1.99844 -0.775453 5.62254 2.02809 5.36227
4.78748 1.99857 -0.772826 5.57188 2.02002 5.31292
4.71029 1.99877 -0.771617 5.53807 2.01001 5.26418
4.63021 1.99869 -0.76931 5.48737 2.00235 5.23201
4.43493 1.9984 -0.768339 5.43656 1.99026 5.18397
4.43493 1.9984 -0.768644 5.38563 1.97771 5.13616
4.34416 1.99821 -0.770219 5.3346 1.96441 5.08864
4.25426 1.9983 -0.77345 5.28348 1.95038 5.04137
4.16214 1.99841 -0.777447 5.23229 1.93625 4.99422
4.04458 1.99831 -0.780839 5.18102 1.92133 4.94742
3.95533 1.99823 -0.783441 5.12963 1.9046 4.90127
3.85583 1.99804 -0.788751 5.07802 1.88702 4.85549
3.7823 1.99816 -0.793219 5.02637 1.87027 4.8096
3.55995 1.99807 -0.796169 4.97461 1.85039 4.76478
3.55995 1.99807 -0.797415 4.92262 1.83368 4.71936
3.47166 1.99823 -0.797652 4.87023 1.81527 4.67483
3.39092 1.99809 -0.795576 4.81752 1.79541 4.6312
3.31577 1.99826 -0.793438 4.76446 1.77769 4.58738
3.19164 1.99837 -0.790257 4.71111 1.75999 4.54396
3.11289 1.99845 -0.785377 4.65753 1.74365 4.50043
3.0219 1.99861 -0.780729 4.6217 1.73312 4.47142
2.82024 1.99827 -0.772113 4.56771 1.71799 4.42786
2.82024 1.99827 -0.740639 4.51492 1.70363 4.38433
2.73779 1.99824 -0.729943 4.46018 1.68868 4.34121
2.66333 1.9983 -0.720764 4.40516 1.67439 4.29794
2.54709 1.99838 -0.712547 4.35013 1.661 4.2543
2.46901 1.9983 -0.706572 4.2951 1.64869 4.21019
2.36335 1.99817 -0.701552 4.23994 1.63802 4.16552
2.28936 1.9982 -0.697322 4.1847 1.62738 4.12085
2.15929 1.99826 -0.694187 4.12936 1.63847 4.06863
2.07296 1.9981 -0.691771 4.07396 1.62858 4.0237
2.00389 1.99801 -0.689488 4.01856 1.61629 3.9796
1.89478 1.99799 -0.690036 3.96293 1.6044 3.93536
1.81913 1.99801 -0.691314 3.90723 1.59135 3.89152
1.71848 1.99807 -0.694691 3.85137 1.57707 3.84811
1.58701 1.99802 -0.695339 3.7957 1.56202 3.80497
1.50709 1.99809 -0.696459 3.75854 1.5521 3.77617
1.42582 1.99801 -0.700974 3.70256 1.53623 3.73332
1.33007 1.9975 -0.702907 3.64677 1.52043 3.69044
1.24394 1.99691 -0.703404 3.59109 1.50377 3.64787
1.16335 1.99662 -0.702581 3.53551 1.48564 3.6058
1.04168 1.99627 -0.699116 3.48012 1.46768 3.56369
0.967184 1.99606 -0.694491 3.42483 1.44736 3.52239
0.871596 1.99205 -0.690395 3.36948 1.42639 3.48133
0.798132 1.98969 -0.683532 3.31435 1.40676 3.4398
0.59682 1.97953 -0.676164 3.25925 1.38802 3.39796
0.59682 1.97953 -0.667209 3.20427 1.36674 3.357
0.521704 1.97518 -0.63502 3.15116 1.34671 3.31562
0.428558 1.96756 -0.623105 3.09642 1.32645 3.27431
0.338143 1.9605 -0.613794 3.04146 1.30804 3.23237
0.222169 1.95181 -0.605758 2.98639 1.29033 3.19017
0.141179 1.94623 -0.599648 2.93116 1.27302 3.14785
0.0658899 1.94177 -0.593776 2.8759 1.25778 3.1048
-0.047872 1.93189 -0.591241 2.83895 1.24814 3.07591
-0.129454 1.924 -0.58739 2.78352 1.2329 3.03286
-0.203187 1.91725 -0.583665 2.72807 1.21857 2.9895
-0.334495 1.90974 -0.581356 2.67249 1.20559 2.94566
-0.412858 1.90598 -0.581342 2.61672 1.19389 2.90137
-0.468013 1.90053 -0.58186 2.56089 1.18294 2.85682
-0.526794 1.8936 -0.585469 2.50481 1.19308 2.80488
-0.637672 1.88123 -0.585759 2.44898 1.18367 2.75979
-0.703464 1.87446 -0.586719 2.39309 1.17316 2.71508
-0.795118 1.86747 -0.589541 2.33703 1.16057 2.67111
-0.863252 1.86283 -0.592661 2.28094 1.1485 2.62694
-0.957989 1.85897 -0.592185 2.22514 1.13418 2.58358
-1.03591 1.85609 -0.591125 2.16938 1.12004 2.54015
-1.14085 1.85556 -0.588102 2.11377 1.10483 2.4971
-1.21325 1.85712 -0.58322 2.05831 1.08904 2.45425
-1.30393 1.86112 -0.578864 2.0028 1.07356 2.41129
-1.42208 1.86878 -0.571741 1.94752 1.0569 2.36875
-1.49343 1.87376 -0.56411 1.89227 1.03987 2.32634
-1.67748 1.88806 -0.557869 1.85553 1.02712 2.29856
-1.67748 1.88806 -0.547167 1.80053 1.00743 2.25709
-1.7593 1.89512 -0.514923 1.74736 0.988432 2.21538
-1.87164 1.90477 -0.503748 1.69239 0.967218 2.17445
-1.94978 1.91094 -0.494502 1.63725 0.948101 2.13278
-2.03457 1.91804 -0.487114 1.58195 0.928424 2.09132
-2.15273 1.92744 -0.481638 1.52647 0.907428 2.05032
-2.22479 1.9327 -0.477131 1.4709 0.887586 2.00891
-2.33119 1.93952 -0.472953 1.4153 0.867406 1.96763
-2.41696 1.94476 -0.468995 1.35966 0.84797 1.92609
-2.50578 1.95009 -0.466403 1.3039 0.830343 1.88391
-2.62202 1.95587 -0.466102 1.24793 0.814139 1.84123
-2.71564 1.96025 -0.467234 1.19182 0.799018 1.79817
-2.8052 1.9642 -0.469648 1.13559 0.783811 1.75514
-2.88986 1.96754 -0.4704 1.07949 0.769583 1.71177
-2.97973 1.97095 -0.470309 1.02345 0.756022 1.66816
-3.08121 1.97429 -0.473223 0.985826 0.743429 1.62421
-3.19336 1.97746 -0.474452 0.929653 0.735229 1.59484
-3.27125 1.97913 -0.47604 0.873436 0.724178 1.55034
-3.37124 1.98154 -0.474384 0.817494 0.734322 1.49835
-3.44551 1.98331 -0.471831 0.761622 0.725271 1.45314
-3.54665 1.98497 -0.466999 0.705942 0.714088 1.40869
-3.66362 1.98708 -0.461869 0.65028 0.701697 1.36467
-3.74331 1.98833 -0.456115 0.594664 0.688926 1.32078
-3.83597 1.98961 -0.447128 0.539329 0.675064 1.27728
-3.91308 1.99062 -0.438503 0.483954 0.659888 1.23425
-4.01984 1.99154 -0.427488 0.428787 0.644585 1.19126
-4.10821 1.99283 -0.393321 0.375716 0.628484 1.14856
-4.20227 1.9934 -0.382549 0.320518 0.612448 1.10583
-4.29928 1.99438 -0.373875 0.265121 0.595977 1.06326
-4.38039 1.99491 -0.366206 0.209623 0.578069 1.02121
-4.48216 1.99573 -0.360511 0.153934 0.559012 0.97956
-4.58432 1.99625 -0.355604 0.0981628 0.539409 0.93811
-4.66093 1.99657 -0.351003 0.0423523 0.518832 0.897009
-4.75905 1.99689 -0.348224 0.00511243 0.50487 0.869696
-4.8409 1.99708 -0.344999 -0.0508457 0.485782 0.828069
-4.95613 1.99725 -0.344191 -0.107042 0.465135 0.786998
